CHAVE	IND_BOM_CLI	NUM_2	NUM_5	NUM_8	NUM_11	NUM_13	NUM_16	NUM_18	CAT_1_MAPPED	CAT_3_MAPPED	CAT_4_MAPPED	CAT_6_MAPPED	CAT_7_MAPPED	CAT_9_MAPPED	CAT_10_MAPPED	CAT_12_MAPPED	CAT_14_MAPPED	CAT_15_MAPPED	CAT_17_MAPPED	CAT_19_MAPPED	CAT_20_MAPPED
0	0	0.1905	0.9329	0.0	1.0	0.6053	0.0	0.0	0.0	0.5	0.2222	0.25	1.0	0.3333	0.5	0.3333	1.0	1.0	0.0	0.0	1.0
1	0	1.0	1.0	0.0	0.3333	0.2632	0.0	0.0	0.3333	0.0	0.5556	0.25	0.5	0.0	0.5	0.3333	0.5	1.0	0.0	0.0	1.0
2	1	0.1429	0.1585	0.6667	0.3333	0.4474	1.0	1.0	0.0	1.0	0.2222	0.25	0.5	1.0	0.5	1.0	1.0	0.5	1.0	1.0	1.0
3	1	0.0952	0.0992	0.6667	0.3333	0.4737	0.0	1.0	1.0	0.5	0.2222	0.75	0.5	1.0	0.5	0.0	1.0	0.5	1.0	1.0	1.0
4	1	0.0952	0.0642	1.0	0.3333	0.6053	0.0	0.0	1.0	0.5	0.2222	0.5	1.0	1.0	0.0	0.3333	1.0	1.0	1.0	1.0	1.0
5	1	0.3571	0.3438	0.3333	0.3333	0.0526	0.0	0.0	0.0	0.5	0.2222	0.5	0.75	1.0	0.0	1.0	1.0	1.0	1.0	1.0	1.0
6	1	0.0476	0.3026	0.0	1.0	0.4474	1.0	0.0	0.0	1.0	0.2222	0.25	0.75	1.0	0.5	1.0	1.0	1.0	1.0	1.0	1.0
7	1	0.0	0.0875	0.0	0.3333	0.1842	0.0	1.0	0.6667	0.5	0.2222	0.5	0.0	1.0	0.5	1.0	1.0	1.0	1.0	1.0	1.0
8	1	0.1429	0.164	1.0	1.0	0.4211	1.0	0.0	0.0	1.0	0.2222	0.25	0.5	1.0	0.5	0.3333	0.5	1.0	1.0	1.0	1.0
9	1	0.0714	0.3228	0.0	0.3333	0.1053	0.0	1.0	1.0	0.5	0.2222	0.0	0.5	1.0	1.0	1.0	1.0	0.5	0.6667	1.0	1.0
10	1	0.0952	0.1596	0.3333	0.6667	0.1316	1.0	0.0	0.0	1.0	0.6667	0.5	0.0	0.0	0.0	1.0	1.0	0.5	0.6667	1.0	1.0
11	0	0.3333	0.1712	1.0	0.3333	0.2895	1.0	0.0	0.0	1.0	0.2222	0.25	0.5	0.6667	1.0	0.3333	0.5	0.5	0.6667	1.0	1.0
12	1	0.2857	0.2195	1.0	0.6667	0.2632	0.0	0.0	1.0	0.5	0.2222	0.5	0.75	1.0	0.5	0.3333	1.0	1.0	0.6667	1.0	1.0
13	0	0.0714	0.0271	0.0	0.3333	0.1842	0.0	0.0	0.3333	0.5	0.6667	0.25	0.5	0.0	0.5	0.6667	1.0	1.0	0.6667	1.0	1.0
14	1	0.0952	0.1525	0.3333	0.0	0.1053	1.0	0.0	1.0	1.0	0.6667	0.5	0.5	0.6667	0.5	0.6667	1.0	1.0	0.6667	1.0	1.0
15	1	0.0476	0.0785	1.0	0.3333	0.2895	0.0	0.0	0.3333	0.5	0.7778	0.25	0.5	1.0	1.0	1.0	1.0	1.0	0.6667	1.0	1.0
16	1	0.2143	0.0377	1.0	0.3333	0.1316	0.0	0.0	0.0	0.5	0.7778	0.25	0.0	0.6667	0.5	1.0	1.0	1.0	0.6667	1.0	1.0
17	1	0.0	0.0	0.3333	0.3333	0.1316	0.0	0.0	0.6667	0.5	0.2222	1.0	0.0	0.6667	0.5	1.0	1.0	1.0	0.3333	1.0	1.0
18	1	0.1429	0.1597	1.0	1.0	0.7895	0.0	0.0	1.0	0.5	0.2222	0.5	1.0	0.0	0.5	0.0	1.0	0.0	0.0	0.0	0.0
19	0	0.4286	1.0	1.0	0.3333	0.5789	0.0	0.0	0.3333	0.5	0.8889	0.25	1.0	0.0	0.5	0.0	1.0	0.0	0.0	0.0	0.0
20	1	0.4286	0.6438	0.3333	1.0	0.5789	1.0	1.0	0.0	1.0	0.8889	0.25	1.0	0.0	0.5	0.0	1.0	0.0	0.0	0.0	0.0
21	0	0.5	0.8584	0.3333	1.0	0.5263	1.0	0.0	0.3333	0.0	0.1111	0.25	1.0	0.0	0.5	0.0	1.0	0.0	0.0	0.0	0.0
22	0	0.2857	1.0	0.6667	1.0	0.4211	0.0	0.0	0.3333	0.5	0.8889	0.25	0.25	0.0	0.5	0.0	1.0	0.0	0.0	0.0	0.0
23	1	0.7143	0.4481	0.3333	0.3333	0.2632	0.0	0.0	1.0	0.5	0.8889	0.25	0.5	1.0	0.5	0.0	1.0	0.0	0.0	0.0	0.0
24	1	0.4286	0.2475	0.3333	0.0	0.3158	0.0	0.0	0.0	0.5	0.8889	0.25	0.75	1.0	0.5	0.0	1.0	0.0	0.0	0.0	0.0
25	0	0.0714	0.0794	0.6667	0.3333	0.1316	0.0	0.0	0.0	0.5	0.2222	0.25	0.0	1.0	0.5	0.0	1.0	0.0	0.0	0.0	0.0
26	0	0.3571	1.0	1.0	1.0	0.2105	0.0	0.0	1.0	1.0	0.2222	0.5	1.0	1.0	0.5	0.0	1.0	0.0	0.0	0.0	0.0
27	0	0.1429	0.8072	1.0	1.0	0.8158	0.0	0.0	0.0	0.5	0.6667	0.25	1.0	1.0	0.5	0.0	1.0	0.0	0.0	0.0	0.0
28	0	0.7143	1.0	1.0	0.3333	0.9211	0.0	0.0	0.3333	0.5	0.2222	0.25	1.0	1.0	0.5	0.0	1.0	0.0	0.0	0.0	0.0
29	1	0.2857	0.5177	0.3333	1.0	0.3684	1.0	0.0	0.0	1.0	0.2222	0.25	1.0	1.0	0.5	0.0	1.0	0.0	0.0	0.0	0.0
30	0	0.7143	0.1394	1.0	1.0	1.0	0.0	0.0	0.3333	0.0	0.1111	0.25	1.0	1.0	0.5	0.0	1.0	0.0	0.0	0.0	0.0
31	1	1.0	0.7752	0.3333	1.0	0.2368	0.0	0.0	0.3333	0.75	0.5556	0.0	0.25	1.0	0.5	0.0	1.0	0.0	0.0	0.0	0.0
32	1	0.4286	0.666	0.3333	1.0	1.0	1.0	0.0	0.0	1.0	0.8889	0.25	0.25	1.0	0.5	0.0	1.0	0.0	0.0	0.0	0.0
33	0	1.0	1.0	0.6667	1.0	1.0	1.0	0.0	0.3333	0.25	0.5556	0.0	1.0	0.0	0.5	0.0	0.5	0.0	0.0	0.0	0.0
34	0	0.0714	0.4981	0.3333	1.0	1.0	0.0	1.0	0.3333	0.25	0.8889	0.25	1.0	0.0	0.5	0.0	0.5	0.0	0.0	0.0	0.0
35	1	1.0	1.0	0.3333	1.0	1.0	0.0	0.0	1.0	1.0	0.2222	0.5	1.0	1.0	0.5	0.0	0.5	0.0	0.0	0.0	0.0
36	0	0.4286	0.2966	1.0	0.3333	0.4474	0.0	0.0	0.0	0.5	0.6667	0.25	1.0	1.0	0.5	0.3333	1.0	0.5	0.0	0.0	0.0
37	1	0.4286	0.3557	1.0	0.3333	0.5	1.0	0.0	1.0	1.0	0.8889	0.25	1.0	0.0	0.5	0.6667	1.0	0.5	0.0	0.0	0.0
38	1	0.0	0.1518	1.0	0.6667	0.2105	0.0	0.0	0.3333	0.5	0.7778	0.25	0.0	0.6667	0.5	0.6667	1.0	0.5	0.0	0.0	0.0
39	0	0.7143	0.9803	0.0	1.0	0.1579	0.0	0.0	0.3333	0.5	0.8889	0.25	0.0	0.6667	0.5	0.6667	1.0	0.5	0.0	0.0	0.0
40	1	0.4286	0.1335	1.0	1.0	0.1842	0.0	0.0	1.0	0.5	0.7778	0.0	0.5	1.0	0.5	0.6667	1.0	0.5	0.0	0.0	0.0
41	1	0.4286	0.7057	1.0	1.0	0.3684	0.0	0.0	0.3333	0.75	0.1111	0.0	0.75	1.0	0.5	0.6667	1.0	0.5	0.0	0.0	0.0
42	1	0.1429	0.1405	1.0	0.3333	0.2368	1.0	1.0	1.0	0.5	0.7778	0.25	0.75	1.0	0.5	0.6667	1.0	0.5	0.0	0.0	0.0
43	1	0.2143	0.134	1.0	1.0	0.4737	0.0	0.0	0.6667	0.5	0.0	0.25	1.0	1.0	0.5	0.6667	1.0	0.5	0.0	0.0	0.0
44	0	0.0	0.301	0.0	1.0	0.5789	0.0	0.0	0.0	1.0	0.6667	0.25	0.5	0.3333	0.5	1.0	1.0	0.5	0.0	0.0	0.0
45	0	0.7143	0.9392	1.0	0.0	0.1842	0.0	0.0	0.3333	0.5	0.6667	0.0	0.0	1.0	0.0	0.0	1.0	0.5	0.0	0.0	0.0
46	1	0.3333	0.7159	0.6667	1.0	0.3684	1.0	1.0	0.3333	0.75	0.8889	0.5	0.75	1.0	0.5	0.3333	0.5	0.5	0.0	0.0	0.0
47	0	1.0	0.4659	0.6667	0.3333	0.2895	0.0	0.0	1.0	0.5	0.1111	0.25	0.25	1.0	0.5	0.6667	0.5	0.5	0.0	0.0	0.0
48	0	0.4286	0.1519	0.6667	0.3333	0.3158	0.0	0.0	0.3333	0.75	0.6667	0.25	0.25	0.0	0.5	0.3333	1.0	1.0	0.0	0.0	0.0
49	0	0.2143	0.441	0.6667	0.3333	0.4737	0.0	0.0	1.0	0.5	0.0	0.0	0.5	1.0	0.5	0.3333	1.0	1.0	0.0	0.0	0.0
50	0	0.4286	0.4374	0.3333	0.6667	0.8421	1.0	0.0	1.0	0.5	0.1111	1.0	0.5	1.0	0.5	0.3333	1.0	1.0	0.0	0.0	0.0
51	1	0.0	0.0586	1.0	1.0	0.3684	0.0	1.0	1.0	0.5	1.0	0.5	0.25	1.0	0.5	0.3333	1.0	1.0	0.0	0.0	0.0
52	0	0.2143	0.6925	0.0	0.3333	0.3158	0.0	1.0	0.3333	0.25	0.2222	0.0	0.25	1.0	0.5	0.3333	1.0	1.0	0.0	0.0	0.0
53	0	0.0	0.0553	1.0	1.0	0.6579	0.0	0.0	0.3333	0.75	0.2222	0.25	0.25	1.0	0.5	0.3333	1.0	1.0	0.0	0.0	0.0
54	0	0.4286	1.0	0.3333	0.6667	0.4474	1.0	1.0	0.3333	1.0	0.5556	0.25	0.5	1.0	0.0	0.6667	1.0	1.0	0.0	0.0	0.0
55	0	0.7143	0.2971	1.0	0.3333	0.1579	0.0	0.0	1.0	0.5	0.6667	0.25	0.5	0.0	0.5	0.6667	1.0	1.0	0.0	0.0	0.0
56	0	1.0	0.4944	0.3333	0.6667	0.2105	0.0	0.0	0.3333	1.0	0.6667	0.25	0.5	0.0	0.5	0.6667	1.0	1.0	0.0	0.0	0.0
57	0	0.8571	0.7291	1.0	0.6667	0.2105	0.0	0.0	0.0	0.5	0.7778	0.5	0.75	0.0	0.5	0.6667	1.0	1.0	0.0	0.0	0.0
58	0	0.0714	0.0883	0.3333	0.6667	0.3158	1.0	0.0	0.3333	1.0	0.0	0.25	1.0	0.0	0.5	0.6667	1.0	1.0	0.0	0.0	0.0
59	0	0.7143	1.0	1.0	0.3333	0.1053	1.0	0.0	1.0	0.5	0.6667	0.25	0.25	0.0	0.5	0.6667	1.0	1.0	0.0	0.0	0.0
60	0	0.7143	0.4229	1.0	0.3333	0.1053	1.0	0.0	1.0	0.75	0.7778	0.25	0.5	1.0	0.5	0.6667	1.0	1.0	0.0	0.0	0.0
61	1	1.0	1.0	1.0	0.0	0.3947	0.0	0.0	1.0	0.75	0.7778	0.75	0.75	1.0	0.5	0.6667	1.0	1.0	0.0	0.0	0.0
62	0	0.0714	0.0698	1.0	0.3333	0.3158	1.0	0.0	0.6667	0.0	0.7778	0.25	0.0	1.0	0.5	0.6667	1.0	1.0	0.0	0.0	0.0
63	1	0.4286	0.6319	0.6667	1.0	0.5	0.0	1.0	1.0	0.5	0.8889	0.5	1.0	1.0	0.5	0.6667	1.0	1.0	0.0	0.0	0.0
64	0	0.7143	0.8321	0.3333	1.0	0.5263	1.0	0.0	0.3333	0.75	0.2222	0.0	1.0	1.0	0.5	0.6667	1.0	1.0	0.0	0.0	0.0
65	1	0.5	0.5926	0.0	0.3333	0.2105	1.0	0.0	0.3333	0.75	0.8889	0.25	1.0	1.0	0.5	0.6667	1.0	1.0	0.0	0.0	0.0
66	1	0.3571	0.2887	0.0	1.0	0.3684	0.0	0.0	1.0	1.0	0.8889	0.25	1.0	1.0	0.5	0.6667	1.0	1.0	0.0	0.0	0.0
67	1	0.7143	0.5639	1.0	0.3333	0.4211	1.0	0.0	1.0	1.0	0.8889	1.0	1.0	1.0	0.5	0.6667	1.0	1.0	0.0	0.0	0.0
68	1	0.1429	0.1289	1.0	0.3333	0.3158	1.0	0.0	0.3333	1.0	0.8889	0.25	0.25	1.0	0.5	0.6667	1.0	1.0	0.0	0.0	0.0
69	1	0.4286	0.43	0.6667	0.3333	1.0	0.0	0.0	1.0	1.0	0.1111	0.25	0.5	1.0	0.5	1.0	1.0	1.0	0.0	0.0	0.0
70	1	0.3571	0.1985	1.0	1.0	0.6316	0.0	0.0	1.0	0.5	0.8889	0.5	1.0	1.0	0.5	1.0	1.0	1.0	0.0	0.0	0.0
71	1	0.4286	0.0631	1.0	0.0	0.3684	0.0	0.0	1.0	0.5	0.7778	0.25	1.0	1.0	0.5	1.0	1.0	1.0	0.0	0.0	0.0
72	0	0.5714	0.1343	1.0	1.0	1.0	0.0	0.0	0.6667	0.75	0.1111	0.25	1.0	1.0	0.5	1.0	1.0	1.0	0.0	0.0	0.0
73	0	0.7143	0.8298	0.6667	0.3333	0.0789	1.0	0.0	0.0	1.0	0.0	0.25	0.5	0.0	0.5	0.0	1.0	1.0	0.0	0.0	0.0
74	1	0.4286	0.2214	1.0	0.0	0.1842	0.0	0.0	1.0	0.5	0.8889	0.25	0.0	0.0	0.5	0.0	1.0	1.0	0.0	0.0	0.0
75	0	0.2857	0.4042	1.0	0.6667	0.4737	0.0	0.0	0.3333	0.75	0.6667	0.25	1.0	0.3333	0.5	0.0	1.0	1.0	0.0	0.0	0.0
76	0	1.0	1.0	1.0	0.3333	0.1316	0.0	0.0	0.3333	0.5	0.2222	0.25	0.75	1.0	0.5	0.0	1.0	1.0	0.0	0.0	0.0
77	0	0.7143	0.1421	1.0	1.0	0.4737	0.0	0.0	0.0	0.5	0.0	0.5	1.0	1.0	0.5	0.0	1.0	1.0	0.0	0.0	0.0
78	0	0.1429	0.6494	0.3333	0.0	0.7895	0.0	0.0	0.3333	0.5	0.7778	0.5	0.25	1.0	0.5	0.0	1.0	1.0	0.0	0.0	0.0
79	1	0.4286	0.451	1.0	0.3333	0.3947	1.0	0.0	0.3333	0.75	0.1111	0.5	0.5	1.0	0.5	0.3333	0.5	1.0	0.0	0.0	0.0
80	1	0.2857	0.0	1.0	0.6667	0.2632	1.0	0.0	1.0	1.0	0.7778	0.75	1.0	1.0	0.5	0.3333	0.5	1.0	0.0	0.0	0.0
81	0	0.4286	1.0	0.3333	0.6667	0.1842	1.0	0.0	0.3333	0.5	0.5556	0.25	0.5	1.0	0.0	0.6667	0.5	1.0	0.0	0.0	0.0
82	1	0.2857	0.4202	0.0	0.0	0.2895	0.0	0.0	0.3333	0.5	0.1111	0.25	1.0	1.0	0.0	1.0	0.5	1.0	0.0	0.0	0.0
83	0	0.5714	0.7643	1.0	0.0	0.8158	0.0	0.0	1.0	0.25	0.8889	0.5	0.25	0.0	0.5	1.0	0.5	1.0	0.0	0.0	0.0
84	1	0.4286	0.632	1.0	0.3333	0.1316	1.0	0.0	1.0	1.0	0.5556	0.25	0.25	1.0	0.0	0.0	0.5	1.0	0.0	0.0	0.0
85	0	0.0	1.0	0.0	1.0	1.0	0.0	0.0	0.0	0.5	0.2222	0.25	1.0	1.0	0.5	0.0	0.5	1.0	0.0	0.0	0.0
86	0	0.2857	0.6483	0.3333	1.0	0.4474	1.0	1.0	1.0	0.25	0.2222	0.25	1.0	1.0	0.5	0.0	0.5	1.0	0.0	0.0	0.0
87	1	0.7143	0.9294	0.6667	0.3333	0.2368	0.0	1.0	1.0	0.75	0.8889	0.5	0.75	1.0	0.5	0.6667	0.0	1.0	0.0	0.0	0.0
88	0	0.4286	0.0722	1.0	0.6667	0.4737	0.0	0.0	0.0	0.25	0.5556	0.5	1.0	1.0	0.5	0.6667	0.0	1.0	0.0	0.0	0.0
89	1	0.5	0.1946	1.0	1.0	0.5526	1.0	1.0	0.0	1.0	0.1111	0.25	1.0	1.0	0.5	0.6667	0.0	1.0	0.0	0.0	0.0
90	0	0.1429	0.1777	1.0	0.3333	0.5263	1.0	0.0	1.0	1.0	0.1111	0.25	0.25	1.0	0.5	0.6667	0.0	1.0	0.0	0.0	0.0
91	0	0.7143	0.422	0.3333	0.3333	0.2105	1.0	0.0	0.3333	0.75	0.1111	0.25	0.5	0.3333	0.5	1.0	0.0	1.0	0.0	0.0	0.0
92	0	0.4286	0.2258	0.6667	1.0	0.0	0.0	0.0	0.3333	0.5	0.2222	0.25	0.5	0.0	0.5	0.3333	1.0	0.5	1.0	0.0	0.0
93	1	0.0238	0.0012	1.0	0.3333	0.6316	1.0	0.0	1.0	1.0	0.7778	0.5	1.0	1.0	0.5	0.3333	1.0	0.5	1.0	0.0	0.0
94	0	0.4286	0.1062	1.0	0.3333	0.1842	0.0	0.0	0.0	0.75	0.7778	0.25	0.0	0.0	0.5	0.6667	1.0	0.5	1.0	0.0	0.0
95	0	0.4286	0.2841	1.0	1.0	0.0263	0.0	0.0	0.0	0.5	0.6667	0.25	0.0	0.0	0.5	1.0	1.0	0.5	1.0	0.0	0.0
96	0	0.7143	0.6224	1.0	1.0	0.0263	1.0	0.0	0.0	1.0	0.6667	0.25	0.0	0.0	0.0	0.0	1.0	0.5	1.0	0.0	0.0
97	1	0.2857	0.1215	0.6667	1.0	0.6842	1.0	0.0	0.3333	1.0	0.7778	0.25	1.0	0.0	1.0	1.0	0.5	0.5	1.0	0.0	0.0
98	1	0.4286	0.4103	0.0	1.0	0.6842	0.0	0.0	0.3333	0.5	0.6667	0.5	0.5	0.0	0.5	0.3333	1.0	1.0	1.0	0.0	0.0
99	1	0.1429	0.0613	0.3333	1.0	0.7105	0.0	0.0	0.0	0.5	0.6667	0.5	1.0	0.3333	0.5	0.3333	1.0	1.0	1.0	0.0	0.0
100	0	0.4286	0.0718	0.6667	1.0	0.0789	0.0	0.0	0.3333	0.5	0.2222	0.25	0.0	0.0	0.5	0.6667	1.0	1.0	1.0	0.0	0.0
101	1	0.9762	1.0	0.0	0.0	0.3421	0.0	0.0	0.0	0.5	0.2222	0.25	0.0	0.0	0.5	1.0	1.0	1.0	1.0	0.0	0.0
102	0	0.2857	0.0563	1.0	0.6667	0.6579	0.0	0.0	0.0	0.5	0.4444	0.25	0.5	0.6667	0.5	1.0	1.0	1.0	1.0	0.0	0.0
103	1	0.1429	0.0781	0.3333	0.3333	0.2368	0.0	0.0	0.3333	0.0	1.0	0.25	0.5	1.0	0.5	1.0	1.0	1.0	1.0	0.0	0.0
104	0	0.4286	0.3978	0.0	1.0	0.3684	1.0	0.0	0.3333	0.0	0.1111	0.25	0.5	1.0	0.5	1.0	1.0	1.0	1.0	0.0	0.0
105	1	0.0	0.0	0.6667	1.0	0.5	0.0	1.0	0.0	0.5	0.2222	0.25	0.0	1.0	0.5	1.0	1.0	1.0	1.0	0.0	0.0
106	1	0.1429	0.1057	0.3333	1.0	1.0	1.0	0.0	1.0	1.0	0.7778	0.25	1.0	1.0	0.5	1.0	1.0	1.0	1.0	0.0	0.0
107	0	0.5714	1.0	0.0	0.0	0.3158	0.0	0.0	0.0	0.5	0.4444	0.25	0.0	0.3333	0.5	0.0	1.0	1.0	1.0	0.0	0.0
108	0	0.1429	0.0009	1.0	0.6667	0.2895	0.0	0.0	0.0	0.5	0.7778	0.0	0.0	0.6667	0.5	0.0	1.0	1.0	1.0	0.0	0.0
109	1	0.0	0.074	0.0	0.3333	0.3684	0.0	0.0	0.0	0.5	0.6667	0.25	0.5	1.0	0.5	1.0	0.5	1.0	1.0	0.0	0.0
110	1	0.5	0.43	1.0	0.3333	0.2632	1.0	1.0	1.0	1.0	0.6667	1.0	0.0	1.0	0.5	1.0	0.0	1.0	1.0	0.0	0.0
111	0	0.2857	0.7672	0.0	1.0	0.7632	0.0	1.0	0.0	0.5	0.8889	0.5	1.0	1.0	0.5	0.3333	1.0	0.0	0.6667	0.0	0.0
112	1	0.1429	0.1762	1.0	1.0	0.3947	0.0	0.0	1.0	0.5	0.7778	0.5	0.5	1.0	0.5	0.0	1.0	0.0	0.6667	0.0	0.0
113	0	0.2143	0.0624	0.6667	1.0	0.4474	1.0	0.0	0.6667	1.0	0.7778	0.5	0.5	1.0	0.5	0.0	1.0	0.0	0.6667	0.0	0.0
114	0	0.7143	1.0	0.0	1.0	0.3947	0.0	0.0	0.3333	0.5	0.2222	0.5	0.5	1.0	0.5	0.0	1.0	0.0	0.6667	0.0	0.0
115	0	0.7143	1.0	0.0	1.0	0.6579	0.0	1.0	0.3333	0.5	0.0	0.0	0.5	1.0	0.5	0.0	1.0	0.0	0.6667	0.0	0.0
116	0	0.9286	0.1272	1.0	1.0	0.0263	0.0	0.0	0.0	0.5	0.7778	0.25	0.5	1.0	0.5	0.0	1.0	0.0	0.6667	0.0	0.0
117	1	1.0	0.9193	0.3333	0.0	0.3421	1.0	0.0	1.0	1.0	0.8889	0.5	0.75	1.0	0.5	0.0	1.0	0.0	0.6667	0.0	0.0
118	0	0.4286	0.2971	1.0	1.0	0.2105	0.0	1.0	0.0	0.25	0.6667	0.75	0.0	1.0	0.5	0.0	1.0	0.0	0.6667	0.0	0.0
119	0	0.1429	0.3013	0.6667	1.0	0.3421	0.0	0.0	0.0	0.5	0.8889	0.25	1.0	1.0	0.5	0.0	1.0	0.0	0.6667	0.0	0.0
120	0	1.0	0.6339	1.0	1.0	0.6316	1.0	0.0	0.0	1.0	0.8889	0.25	1.0	1.0	0.5	0.0	1.0	0.0	0.6667	0.0	0.0
121	1	0.0952	0.0009	1.0	1.0	0.6316	0.0	0.0	1.0	0.5	0.0	0.75	1.0	1.0	0.5	0.0	1.0	0.0	0.6667	0.0	0.0
122	1	0.4286	0.2536	1.0	1.0	0.7105	0.0	1.0	0.0	0.5	0.8889	0.5	1.0	1.0	0.5	0.0	0.5	0.0	0.6667	0.0	0.0
123	0	0.7143	0.1701	1.0	1.0	0.9211	1.0	0.0	0.3333	0.75	0.2222	0.25	1.0	1.0	0.5	0.0	0.5	0.0	0.6667	0.0	0.0
124	0	0.7143	0.1243	1.0	1.0	0.3947	0.0	0.0	1.0	0.5	0.0	0.25	0.5	1.0	0.5	0.0	0.0	0.0	0.6667	0.0	0.0
125	0	1.0	1.0	1.0	1.0	0.4474	1.0	1.0	0.0	0.5	0.8889	0.25	0.75	1.0	0.5	0.0	0.0	0.0	0.6667	0.0	0.0
126	0	0.1429	0.4658	0.6667	1.0	0.5526	1.0	0.0	0.0	1.0	0.2222	0.25	1.0	1.0	0.0	0.3333	1.0	0.5	0.6667	0.0	0.0
127	1	0.4286	0.0942	0.6667	0.3333	0.0263	1.0	0.0	0.3333	0.75	0.7778	0.0	0.75	0.0	0.5	0.3333	1.0	0.5	0.6667	0.0	0.0
128	0	0.7143	0.7238	0.3333	1.0	0.0263	1.0	0.0	1.0	1.0	0.6667	0.25	0.0	0.0	0.5	0.3333	1.0	0.5	0.6667	0.0	0.0
129	1	0.8571	0.7282	0.3333	1.0	0.1842	0.0	0.0	1.0	0.5	0.7778	0.5	0.75	0.6667	0.5	0.3333	1.0	0.5	0.6667	0.0	0.0
130	0	0.1429	0.619	1.0	0.3333	0.1579	1.0	0.0	0.0	0.0	0.7778	0.25	0.5	1.0	0.5	0.3333	1.0	0.5	0.6667	0.0	0.0
131	0	0.4286	0.2758	1.0	0.3333	0.2368	0.0	0.0	0.0	0.25	0.1111	0.25	0.5	1.0	0.5	0.3333	1.0	0.5	0.6667	0.0	0.0
132	1	0.2857	0.8756	0.0	0.3333	0.0263	1.0	0.0	0.0	0.75	0.0	0.5	0.5	0.0	0.5	0.6667	1.0	0.5	0.6667	0.0	0.0
133	1	0.4286	0.1407	1.0	1.0	0.5263	1.0	0.0	0.3333	0.75	0.2222	0.5	0.5	0.0	0.5	0.6667	1.0	0.5	0.6667	0.0	0.0
134	0	0.2143	0.216	0.3333	1.0	0.1579	1.0	0.0	0.3333	0.5	0.2222	0.0	0.5	0.0	0.5	0.6667	1.0	0.5	0.6667	0.0	0.0
135	1	0.0	0.0943	0.0	0.3333	0.0526	1.0	0.0	1.0	1.0	0.7778	0.25	0.75	0.0	0.5	0.6667	1.0	0.5	0.6667	0.0	0.0
136	0	0.2857	0.0561	1.0	0.6667	0.0263	0.0	0.0	0.0	0.5	0.2222	0.25	0.0	0.0	0.5	0.6667	1.0	0.5	0.6667	0.0	0.0
137	1	0.2857	0.2327	0.0	0.6667	0.0	0.0	0.0	0.3333	0.5	0.8889	0.25	0.5	0.6667	0.5	0.6667	1.0	0.5	0.6667	0.0	0.0
138	0	0.4286	0.268	0.6667	0.3333	0.0	0.0	0.0	0.3333	0.5	0.7778	0.0	0.0	0.6667	0.5	0.6667	1.0	0.5	0.6667	0.0	0.0
139	0	0.7143	0.8202	1.0	1.0	0.1316	1.0	0.0	1.0	0.75	0.1111	0.5	0.0	1.0	0.5	0.6667	1.0	0.5	0.6667	0.0	0.0
140	1	0.1429	0.3273	0.0	1.0	0.1579	1.0	0.0	0.3333	1.0	0.6667	0.25	1.0	1.0	0.5	0.6667	1.0	0.5	0.6667	0.0	0.0
141	1	0.0714	0.0584	0.0	1.0	0.0263	0.0	0.0	1.0	0.5	0.4444	0.25	0.0	0.0	0.5	1.0	1.0	0.5	0.6667	0.0	0.0
142	1	0.2143	0.0753	1.0	0.3333	0.4737	0.0	0.0	1.0	0.5	0.7778	0.5	0.5	0.6667	0.5	1.0	1.0	0.5	0.6667	0.0	0.0
143	0	1.0	1.0	0.6667	1.0	0.9474	0.0	0.0	0.3333	0.0	0.1111	0.25	0.0	1.0	0.5	0.0	1.0	0.5	0.6667	0.0	0.0
144	0	0.2381	0.2153	0.3333	1.0	0.5526	0.0	0.0	0.0	1.0	0.2222	0.25	1.0	1.0	1.0	0.3333	0.5	0.5	0.6667	0.0	0.0
145	1	0.5238	0.8026	0.6667	1.0	0.4737	1.0	1.0	1.0	0.25	0.8889	0.5	0.0	1.0	1.0	1.0	0.5	0.5	0.6667	0.0	0.0
146	0	0.2857	0.3668	0.0	1.0	0.2895	1.0	0.0	0.0	1.0	0.2222	0.25	1.0	0.0	0.5	1.0	0.5	0.5	0.6667	0.0	0.0
147	0	0.4286	0.4629	0.3333	0.6667	0.2368	0.0	0.0	0.0	0.5	0.2222	0.25	0.75	1.0	0.0	0.3333	1.0	1.0	0.6667	0.0	0.0
148	1	0.0952	0.036	1.0	0.6667	0.7105	1.0	0.0	0.0	1.0	0.2222	0.25	0.75	1.0	0.0	0.3333	1.0	1.0	0.6667	0.0	0.0
149	0	0.2143	0.366	0.6667	0.3333	0.1842	0.0	0.0	0.0	0.5	0.2222	0.25	0.5	0.0	0.5	0.3333	1.0	1.0	0.6667	0.0	0.0
150	1	0.3571	0.1772	1.0	1.0	0.0263	0.0	0.0	1.0	1.0	0.6667	0.25	0.0	0.0	0.5	0.3333	1.0	1.0	0.6667	0.0	0.0
151	1	0.5	0.2043	1.0	0.0	0.2632	0.0	1.0	0.3333	0.5	0.1111	0.25	0.0	0.0	0.5	0.3333	1.0	1.0	0.6667	0.0	0.0
152	1	0.2857	0.3268	0.6667	1.0	0.3947	0.0	0.0	0.3333	1.0	0.6667	0.25	1.0	0.0	0.5	0.3333	1.0	1.0	0.6667	0.0	0.0
153	1	0.7143	0.184	0.6667	0.3333	0.6316	1.0	0.0	0.0	1.0	0.6667	0.25	0.5	0.6667	0.5	0.3333	1.0	1.0	0.6667	0.0	0.0
154	1	0.4286	0.0669	1.0	0.6667	0.1053	0.0	0.0	1.0	0.5	0.7778	0.0	0.75	0.6667	0.5	0.3333	1.0	1.0	0.6667	0.0	0.0
155	0	0.4286	0.1491	0.0	0.0	0.0	0.0	0.0	0.3333	0.5	0.7778	0.25	0.0	0.6667	0.5	0.3333	1.0	1.0	0.6667	0.0	0.0
156	1	0.5	0.505	1.0	1.0	0.6842	1.0	1.0	1.0	0.5	0.4444	0.5	1.0	1.0	0.5	0.3333	1.0	1.0	0.6667	0.0	0.0
157	1	0.0	0.0547	0.6667	0.3333	0.5526	0.0	0.0	0.0	0.5	0.2222	0.0	1.0	1.0	0.5	0.3333	1.0	1.0	0.6667	0.0	0.0
158	1	0.4286	0.2528	1.0	1.0	1.0	1.0	0.0	0.0	1.0	0.8889	0.25	1.0	1.0	0.5	0.3333	1.0	1.0	0.6667	0.0	0.0
159	1	0.7143	0.5787	0.3333	0.3333	0.3421	1.0	1.0	1.0	1.0	0.8889	0.25	1.0	1.0	0.5	0.3333	1.0	1.0	0.6667	0.0	0.0
160	1	0.4286	0.1279	1.0	0.3333	0.2895	1.0	0.0	1.0	1.0	0.7778	0.25	0.75	0.6667	1.0	0.6667	1.0	1.0	0.6667	0.0	0.0
161	1	0.0714	0.2298	0.6667	1.0	0.3421	0.0	0.0	1.0	0.5	0.7778	0.0	1.0	1.0	0.0	0.6667	1.0	1.0	0.6667	0.0	0.0
162	0	1.0	0.6821	0.6667	0.3333	0.2368	0.0	0.0	0.0	0.5	0.7778	0.25	0.5	0.0	0.5	0.6667	1.0	1.0	0.6667	0.0	0.0
163	0	0.7143	0.3485	1.0	0.0	0.5263	0.0	0.0	0.3333	0.0	0.7778	0.25	0.5	0.0	0.5	0.6667	1.0	1.0	0.6667	0.0	0.0
164	1	0.0	0.0749	0.0	0.0	0.1579	1.0	0.0	1.0	1.0	0.7778	0.25	0.5	0.0	0.5	0.6667	1.0	1.0	0.6667	0.0	0.0
165	1	0.0952	0.0729	0.3333	1.0	1.0	0.0	0.0	1.0	0.5	0.2222	0.25	0.5	0.0	0.5	0.6667	1.0	1.0	0.6667	0.0	0.0
166	1	0.6429	0.231	0.3333	0.3333	0.1053	1.0	0.0	1.0	0.75	0.1111	0.25	0.5	0.0	0.5	0.6667	1.0	1.0	0.6667	0.0	0.0
167	1	0.7143	0.7861	0.3333	1.0	0.4737	1.0	0.0	1.0	0.75	0.6667	0.75	0.75	0.0	0.5	0.6667	1.0	1.0	0.6667	0.0	0.0
168	1	0.4286	0.091	1.0	0.6667	0.3158	0.0	1.0	1.0	0.5	0.2222	1.0	0.75	0.0	0.5	0.6667	1.0	1.0	0.6667	0.0	0.0
169	0	0.4286	0.5901	0.0	0.0	0.5789	1.0	0.0	1.0	0.5	0.7778	0.5	0.0	0.0	0.5	0.6667	1.0	1.0	0.6667	0.0	0.0
170	1	0.2143	0.3494	0.0	1.0	0.0263	0.0	0.0	1.0	0.5	0.8889	0.0	0.0	0.0	0.5	0.6667	1.0	1.0	0.6667	0.0	0.0
171	0	0.0714	0.1074	1.0	0.3333	0.0	0.0	0.0	0.3333	0.5	0.7778	0.25	0.0	0.0	0.5	0.6667	1.0	1.0	0.6667	0.0	0.0
172	0	1.0	1.0	0.0	0.3333	0.1053	0.0	0.0	0.3333	0.5	0.6667	0.25	0.0	0.0	0.5	0.6667	1.0	1.0	0.6667	0.0	0.0
173	0	0.7143	0.1268	1.0	1.0	0.3158	0.0	0.0	0.0	0.5	0.2222	0.25	0.0	0.0	0.5	0.6667	1.0	1.0	0.6667	0.0	0.0
174	1	0.4286	0.4931	0.3333	1.0	0.5263	0.0	0.0	0.3333	0.5	0.7778	0.5	1.0	0.0	0.5	0.6667	1.0	1.0	0.6667	0.0	0.0
175	1	0.4286	0.141	1.0	1.0	0.0	0.0	0.0	0.3333	0.5	0.7778	0.25	1.0	0.0	0.5	0.6667	1.0	1.0	0.6667	0.0	0.0
176	1	0.2857	0.3562	0.3333	1.0	1.0	0.0	0.0	0.3333	0.5	0.4444	0.25	0.25	0.0	0.5	0.6667	1.0	1.0	0.6667	0.0	0.0
177	1	0.1429	0.0496	0.6667	0.0	0.1053	0.0	0.0	0.3333	0.5	0.7778	0.75	0.5	0.3333	0.5	0.6667	1.0	1.0	0.6667	0.0	0.0
178	0	0.4286	0.377	0.6667	0.6667	0.5526	0.0	0.0	0.3333	0.5	0.6667	0.25	0.75	0.3333	0.5	0.6667	1.0	1.0	0.6667	0.0	0.0
179	0	0.2857	0.1638	1.0	0.3333	0.1579	0.0	0.0	1.0	0.75	0.1111	0.25	0.5	0.6667	0.5	0.6667	1.0	1.0	0.6667	0.0	0.0
180	1	0.1429	0.2664	0.3333	1.0	0.7895	0.0	0.0	1.0	0.5	0.7778	0.25	0.5	1.0	0.5	0.6667	1.0	1.0	0.6667	0.0	0.0
181	1	0.2143	0.4448	0.6667	0.3333	0.2105	0.0	0.0	1.0	0.5	0.8889	0.25	0.5	1.0	0.5	0.6667	1.0	1.0	0.6667	0.0	0.0
182	1	0.7143	0.5739	0.6667	1.0	0.3158	1.0	0.0	0.3333	1.0	0.8889	0.25	0.5	1.0	0.5	0.6667	1.0	1.0	0.6667	0.0	0.0
183	0	0.5	0.361	1.0	0.3333	0.3684	0.0	1.0	0.3333	0.5	0.1111	0.25	0.5	1.0	0.5	0.6667	1.0	1.0	0.6667	0.0	0.0
184	0	1.0	1.0	0.3333	0.3333	0.0263	0.0	0.0	0.3333	0.5	0.1111	0.25	0.5	1.0	0.5	0.6667	1.0	1.0	0.6667	0.0	0.0
185	0	1.0	1.0	0.3333	0.3333	0.0789	0.0	0.0	0.3333	0.0	0.1111	0.25	0.5	1.0	0.5	0.6667	1.0	1.0	0.6667	0.0	0.0
186	1	0.3333	0.1686	1.0	1.0	0.4474	0.0	0.0	0.0	0.5	0.6667	0.5	0.75	1.0	0.5	0.6667	1.0	1.0	0.6667	0.0	0.0
187	0	0.7143	1.0	1.0	1.0	0.0526	1.0	0.0	0.0	1.0	0.8889	0.25	0.75	1.0	0.5	0.6667	1.0	1.0	0.6667	0.0	0.0
188	0	0.7143	0.966	0.3333	0.0	0.0526	0.0	0.0	0.0	0.5	0.2222	0.25	0.75	1.0	0.5	0.6667	1.0	1.0	0.6667	0.0	0.0
189	1	0.7143	0.3181	1.0	1.0	0.3947	1.0	0.0	1.0	1.0	0.2222	0.25	0.75	1.0	0.5	0.6667	1.0	1.0	0.6667	0.0	0.0
190	0	0.7143	0.1611	0.3333	0.0	0.0526	1.0	0.0	0.0	0.75	0.1111	0.25	0.75	1.0	0.5	0.6667	1.0	1.0	0.6667	0.0	0.0
191	1	0.2857	0.4377	0.6667	0.3333	0.2632	0.0	0.0	1.0	0.5	0.7778	0.25	0.0	1.0	0.5	0.6667	1.0	1.0	0.6667	0.0	0.0
192	1	0.5714	0.1297	1.0	1.0	0.9474	0.0	0.0	1.0	0.5	0.7778	0.5	1.0	1.0	0.5	0.6667	1.0	1.0	0.6667	0.0	0.0
193	1	0.5714	0.2664	0.6667	0.3333	0.4737	1.0	1.0	1.0	1.0	0.7778	0.5	1.0	1.0	0.5	0.6667	1.0	1.0	0.6667	0.0	0.0
194	1	1.0	0.2295	1.0	0.6667	0.4211	1.0	1.0	1.0	1.0	0.8889	0.5	1.0	1.0	0.5	0.6667	1.0	1.0	0.6667	0.0	0.0
195	1	0.2143	0.0857	1.0	1.0	0.5789	1.0	1.0	0.0	1.0	0.6667	0.25	1.0	1.0	0.5	0.6667	1.0	1.0	0.6667	0.0	0.0
196	1	0.4286	0.5005	1.0	1.0	0.2895	0.0	0.0	1.0	1.0	0.6667	0.25	1.0	1.0	0.5	0.6667	1.0	1.0	0.6667	0.0	0.0
197	1	0.1429	0.0421	1.0	1.0	0.7105	1.0	0.0	0.3333	0.5	0.7778	0.25	0.5	0.0	1.0	1.0	1.0	1.0	0.6667	0.0	0.0
198	0	1.0	0.7094	0.0	0.0	0.3158	1.0	0.0	0.0	0.5	0.7778	0.25	0.75	0.6667	1.0	1.0	1.0	1.0	0.6667	0.0	0.0
199	1	0.4286	0.0761	0.3333	0.3333	0.2368	0.0	0.0	1.0	0.5	0.2222	0.25	0.5	1.0	1.0	1.0	1.0	1.0	0.6667	0.0	0.0
200	1	0.1429	0.1821	0.0	1.0	0.7105	0.0	0.0	1.0	1.0	0.7778	0.5	1.0	1.0	0.0	1.0	1.0	1.0	0.6667	0.0	0.0
201	0	0.3571	0.1261	0.6667	0.3333	0.0789	1.0	0.0	0.0	0.5	0.7778	0.25	0.5	0.0	0.5	1.0	1.0	1.0	0.6667	0.0	0.0
202	0	0.4286	0.1943	1.0	1.0	0.3421	0.0	0.0	0.0	0.5	0.7778	0.25	0.0	0.0	0.5	1.0	1.0	1.0	0.6667	0.0	0.0
203	1	0.1429	0.0589	1.0	0.3333	0.4211	1.0	0.0	1.0	1.0	0.7778	0.5	1.0	0.0	0.5	1.0	1.0	1.0	0.6667	0.0	0.0
204	1	0.4286	0.1512	1.0	0.3333	0.2895	1.0	0.0	1.0	1.0	0.4444	0.25	0.5	0.3333	0.5	1.0	1.0	1.0	0.6667	0.0	0.0
205	1	0.4286	0.0628	0.3333	1.0	0.3684	1.0	0.0	0.6667	1.0	0.1111	1.0	0.5	0.3333	0.5	1.0	1.0	1.0	0.6667	0.0	0.0
206	0	0.4286	0.1374	1.0	1.0	0.2368	1.0	0.0	0.3333	1.0	0.1111	0.25	1.0	0.3333	0.5	1.0	1.0	1.0	0.6667	0.0	0.0
207	1	0.119	0.1607	0.0	0.3333	0.1579	0.0	0.0	1.0	0.5	0.1111	1.0	1.0	0.3333	0.5	1.0	1.0	1.0	0.6667	0.0	0.0
208	0	0.1429	0.0864	0.3333	0.0	0.0789	0.0	0.0	0.3333	0.5	0.7778	0.5	0.5	0.6667	0.5	1.0	1.0	1.0	0.6667	0.0	0.0
209	0	0.1429	0.0249	1.0	0.3333	0.1579	1.0	0.0	0.6667	1.0	0.2222	0.75	0.75	0.6667	0.5	1.0	1.0	1.0	0.6667	0.0	0.0
210	1	0.2857	0.0852	0.6667	1.0	0.4474	0.0	0.0	1.0	0.5	0.7778	0.25	0.0	0.6667	0.5	1.0	1.0	1.0	0.6667	0.0	0.0
211	1	0.1905	0.0781	0.0	0.3333	0.3421	0.0	0.0	0.3333	0.5	0.1111	0.75	1.0	0.6667	0.5	1.0	1.0	1.0	0.6667	0.0	0.0
212	1	0.4286	0.2552	1.0	1.0	0.2632	1.0	1.0	1.0	0.75	0.1111	0.5	0.5	1.0	0.5	1.0	1.0	1.0	0.6667	0.0	0.0
213	1	0.7143	0.3608	0.3333	0.3333	0.0263	0.0	0.0	0.6667	0.5	0.7778	0.25	0.5	1.0	0.5	1.0	1.0	1.0	0.6667	0.0	0.0
214	1	0.8571	0.3754	1.0	1.0	0.3684	1.0	0.0	1.0	1.0	0.6667	0.75	0.5	1.0	0.5	1.0	1.0	1.0	0.6667	0.0	0.0
215	1	0.1429	0.1374	1.0	1.0	0.5526	1.0	0.0	1.0	1.0	0.6667	0.25	1.0	1.0	0.5	1.0	1.0	1.0	0.6667	0.0	0.0
216	1	0.1429	0.0677	1.0	1.0	0.8421	0.0	0.0	0.3333	0.5	0.2222	1.0	1.0	1.0	0.5	1.0	1.0	1.0	0.6667	0.0	0.0
217	1	0.2857	0.6373	0.3333	0.0	0.5	0.0	0.0	0.3333	1.0	0.6667	0.25	1.0	1.0	0.5	0.0	1.0	1.0	0.6667	0.0	0.0
218	0	1.0	0.691	0.6667	1.0	1.0	1.0	0.0	0.0	0.75	0.1111	0.25	1.0	1.0	0.5	0.0	1.0	1.0	0.6667	0.0	0.0
219	0	0.3571	0.4839	0.0	1.0	0.1842	1.0	0.0	1.0	0.0	0.2222	0.5	0.5	0.0	0.5	0.3333	0.5	1.0	0.6667	0.0	0.0
220	0	0.1429	0.2308	0.0	0.3333	0.0789	0.0	0.0	0.3333	0.5	0.6667	0.5	1.0	0.0	0.5	0.3333	0.5	1.0	0.6667	0.0	0.0
221	0	0.4286	0.695	0.3333	0.0	0.8684	0.0	0.0	0.0	0.25	0.6667	0.25	0.0	0.3333	0.5	0.3333	0.5	1.0	0.6667	0.0	0.0
222	0	0.8571	0.4124	0.6667	0.3333	0.1053	1.0	1.0	0.0	0.75	0.7778	0.25	0.75	1.0	0.5	0.3333	0.5	1.0	0.6667	0.0	0.0
223	1	0.1429	0.0761	1.0	1.0	0.6579	1.0	1.0	1.0	0.5	0.0	0.25	1.0	1.0	0.5	0.3333	0.5	1.0	0.6667	0.0	0.0
224	1	0.2857	0.3053	1.0	1.0	0.6579	1.0	1.0	1.0	0.5	0.6667	0.25	1.0	1.0	0.5	0.3333	0.5	1.0	0.6667	0.0	0.0
225	1	0.3333	0.2157	0.3333	0.6667	0.1842	1.0	0.0	0.3333	0.75	0.5556	0.25	0.5	1.0	0.5	0.6667	0.5	1.0	0.6667	0.0	0.0
226	0	0.1429	0.0	1.0	0.3333	0.6316	1.0	0.0	0.0	0.25	0.2222	0.25	0.0	1.0	0.5	0.6667	0.5	1.0	0.6667	0.0	0.0
227	0	0.4286	0.8956	0.3333	0.3333	0.1316	1.0	0.0	1.0	0.75	0.1111	0.25	0.0	1.0	0.5	0.6667	0.5	1.0	0.6667	0.0	0.0
228	0	0.2857	0.0186	1.0	1.0	0.3684	0.0	1.0	0.3333	1.0	0.2222	0.25	1.0	1.0	0.5	0.6667	0.5	1.0	0.6667	0.0	0.0
229	0	0.4286	0.1895	0.6667	0.3333	0.3421	1.0	0.0	1.0	0.5	0.7778	0.75	1.0	1.0	0.5	0.6667	0.5	1.0	0.6667	0.0	0.0
230	1	0.2857	0.1349	0.6667	0.6667	0.3684	0.0	0.0	0.3333	0.5	0.1111	1.0	0.0	0.6667	0.5	1.0	0.5	1.0	0.6667	0.0	0.0
231	0	1.0	1.0	0.0	0.3333	0.1316	1.0	0.0	0.3333	0.5	0.7778	1.0	0.75	1.0	0.0	0.0	0.5	1.0	0.6667	0.0	0.0
232	0	0.8095	0.5963	1.0	0.6667	0.1316	0.0	0.0	0.0	1.0	0.0	0.25	0.5	1.0	0.5	0.0	0.5	1.0	0.6667	0.0	0.0
233	0	0.7143	0.6967	1.0	0.6667	0.1842	0.0	0.0	0.0	0.75	0.0	0.25	0.5	1.0	0.5	0.3333	0.0	1.0	0.6667	0.0	0.0
234	0	0.5	0.5167	0.3333	1.0	0.7368	1.0	0.0	0.0	0.0	0.1111	0.25	0.25	1.0	0.5	0.3333	0.0	1.0	0.6667	0.0	0.0
235	1	0.4286	0.0237	1.0	0.3333	0.2368	0.0	0.0	1.0	0.5	0.6667	0.5	0.75	1.0	0.5	0.6667	0.0	1.0	0.6667	0.0	0.0
236	0	0.7143	0.8061	1.0	0.3333	0.0789	1.0	0.0	1.0	1.0	0.2222	0.25	0.5	0.0	0.5	1.0	0.0	1.0	0.6667	0.0	0.0
237	1	0.4286	0.2382	1.0	1.0	0.0	0.0	0.0	0.0	0.25	0.6667	0.75	0.5	1.0	0.5	1.0	0.0	1.0	0.6667	0.0	0.0
238	0	0.0	1.0	0.0	0.3333	0.0263	0.0	0.0	0.3333	0.5	0.2222	0.5	0.25	1.0	0.5	0.3333	1.0	1.0	0.3333	0.0	0.0
239	1	0.0	0.0	0.0	1.0	0.8421	0.0	0.0	1.0	0.5	0.2222	0.25	0.25	0.0	0.5	1.0	1.0	1.0	0.3333	0.0	0.0
240	1	0.1429	0.21	0.6667	1.0	0.8684	0.0	0.0	0.0	0.5	0.6667	0.25	0.25	0.0	0.5	0.0	1.0	0.0	0.0	1.0	0.0
241	1	1.0	0.9531	0.3333	0.3333	0.1316	0.0	0.0	0.3333	0.75	0.7778	0.5	0.5	1.0	0.5	0.0	1.0	0.0	0.0	1.0	0.0
242	1	0.1429	0.0912	1.0	1.0	1.0	1.0	0.0	0.0	1.0	0.8889	0.25	1.0	1.0	0.5	0.0	1.0	0.0	0.0	1.0	0.0
243	0	1.0	0.7957	1.0	1.0	0.5263	0.0	0.0	0.0	0.5	0.2222	0.25	1.0	1.0	0.5	0.0	0.5	0.0	0.0	1.0	0.0
244	0	0.4286	1.0	0.0	1.0	0.0263	1.0	0.0	0.3333	0.5	0.8889	0.25	0.5	0.0	0.5	0.6667	1.0	0.5	0.0	1.0	0.0
245	0	1.0	0.7556	1.0	0.3333	0.0526	0.0	0.0	0.3333	0.5	0.2222	0.0	0.0	0.0	0.5	0.3333	1.0	1.0	0.0	1.0	0.0
246	1	0.7143	1.0	0.3333	0.6667	0.5526	0.0	0.0	0.0	0.5	0.5556	0.25	0.25	0.3333	0.0	0.6667	1.0	1.0	0.0	1.0	0.0
247	1	0.119	0.0761	1.0	1.0	0.3421	1.0	0.0	1.0	1.0	0.2222	0.25	0.0	0.0	0.5	0.6667	1.0	1.0	0.0	1.0	0.0
248	1	0.2857	0.1403	0.6667	0.3333	0.0263	0.0	0.0	0.6667	0.5	0.2222	0.25	1.0	0.0	0.5	0.6667	1.0	1.0	0.0	1.0	0.0
249	0	0.5714	0.51	1.0	0.3333	0.1579	1.0	0.0	0.3333	1.0	0.2222	0.25	0.25	0.6667	0.5	0.6667	1.0	1.0	0.0	1.0	0.0
250	0	0.5714	0.3987	1.0	0.3333	0.1579	1.0	0.0	0.3333	1.0	0.2222	0.25	0.25	0.6667	0.5	0.6667	1.0	1.0	0.0	1.0	0.0
251	1	0.3571	0.0985	1.0	0.6667	0.3158	1.0	0.0	1.0	0.75	0.6667	0.0	0.75	1.0	0.5	1.0	1.0	1.0	0.0	1.0	0.0
252	1	1.0	0.7805	1.0	0.3333	0.6316	1.0	1.0	1.0	1.0	0.1111	0.5	1.0	0.3333	0.5	0.6667	0.5	1.0	0.0	1.0	0.0
253	1	0.5714	0.1823	1.0	0.3333	0.2105	0.0	0.0	1.0	0.5	0.7778	0.75	1.0	1.0	0.5	0.6667	0.5	1.0	0.0	1.0	0.0
254	0	0.4286	0.1247	1.0	0.3333	0.2105	0.0	1.0	0.0	0.5	0.7778	0.25	0.25	1.0	0.5	0.6667	0.0	1.0	0.0	1.0	0.0
255	0	0.5714	0.1355	1.0	0.6667	0.2105	1.0	0.0	0.3333	0.75	0.7778	0.0	0.0	1.0	0.5	0.0	0.0	1.0	0.0	1.0	0.0
256	0	0.0952	0.0589	0.0	1.0	0.6842	0.0	1.0	0.6667	0.5	0.2222	0.0	1.0	0.0	0.5	0.0	1.0	0.0	1.0	1.0	0.0
257	0	1.0	0.353	1.0	1.0	0.3158	0.0	1.0	0.3333	0.0	0.1111	0.0	0.75	1.0	0.5	0.0	1.0	0.0	1.0	1.0	0.0
258	0	0.2857	0.0817	1.0	1.0	0.2632	1.0	1.0	0.0	0.25	0.2222	0.25	0.75	1.0	0.5	0.0	1.0	0.0	1.0	1.0	0.0
259	0	0.4286	0.1263	1.0	1.0	0.3158	0.0	0.0	0.3333	0.25	0.0	0.25	0.75	0.0	0.5	0.0	0.5	0.0	1.0	1.0	0.0
260	1	0.1429	0.2292	0.3333	1.0	0.9211	1.0	0.0	1.0	1.0	0.0	0.25	1.0	0.0	0.5	0.0	0.5	0.0	1.0	1.0	0.0
261	0	1.0	0.6127	1.0	1.0	0.9474	1.0	0.0	0.0	1.0	0.8889	0.25	1.0	0.0	0.5	0.0	0.0	0.0	1.0	1.0	0.0
262	0	0.5714	0.4022	1.0	1.0	0.1053	1.0	0.0	0.3333	0.0	0.1111	0.0	0.5	0.0	0.5	0.6667	1.0	0.5	1.0	1.0	0.0
263	0	0.1429	0.0456	1.0	1.0	0.1842	0.0	0.0	1.0	0.5	0.6667	0.75	0.5	0.0	0.5	0.6667	1.0	0.5	1.0	1.0	0.0
264	1	0.3571	0.3253	0.0	1.0	0.1053	0.0	0.0	0.0	0.5	0.6667	0.25	0.75	0.0	0.5	0.6667	1.0	0.5	1.0	1.0	0.0
265	0	0.1429	0.0	1.0	1.0	0.4737	0.0	1.0	0.0	0.5	0.0	0.25	0.5	1.0	0.5	0.6667	1.0	0.5	1.0	1.0	0.0
266	1	0.0	0.0	0.0	0.6667	0.0263	0.0	1.0	1.0	0.5	0.6667	0.25	0.0	0.0	0.5	1.0	1.0	0.5	1.0	1.0	0.0
267	1	0.1429	0.0298	0.0	1.0	0.0	0.0	0.0	0.3333	0.5	0.6667	1.0	0.0	0.0	0.5	1.0	1.0	0.5	1.0	1.0	0.0
268	1	0.0714	0.0	1.0	1.0	0.0	0.0	0.0	0.3333	0.5	0.2222	0.25	0.5	0.6667	0.5	1.0	1.0	0.5	1.0	1.0	0.0
269	0	0.4286	0.1432	0.3333	1.0	0.0	0.0	1.0	0.0	0.5	0.7778	0.25	0.5	1.0	0.5	1.0	1.0	0.5	1.0	1.0	0.0
270	0	0.7143	0.1881	1.0	0.0	0.2895	0.0	0.0	0.3333	0.5	0.4444	0.25	0.0	1.0	0.5	0.0	1.0	0.5	1.0	1.0	0.0
271	0	0.4286	0.0934	1.0	1.0	0.0526	0.0	0.0	0.0	0.25	0.7778	0.25	0.75	1.0	1.0	0.6667	0.5	0.5	1.0	1.0	0.0
272	0	1.0	1.0	0.3333	1.0	0.0526	1.0	0.0	1.0	1.0	0.8889	0.0	0.5	0.0	0.5	0.6667	0.5	0.5	1.0	1.0	0.0
273	0	0.3571	0.2313	1.0	0.3333	1.0	1.0	0.0	0.3333	0.5	0.1111	0.0	1.0	0.3333	0.5	0.6667	0.5	0.5	1.0	1.0	0.0
274	0	0.0952	0.1684	0.3333	0.3333	0.0789	0.0	0.0	1.0	0.5	0.6667	0.25	0.5	1.0	0.5	1.0	0.5	0.5	1.0	1.0	0.0
275	1	0.5714	0.4622	0.3333	1.0	0.0526	0.0	0.0	1.0	0.5	0.8889	0.5	0.75	0.0	0.5	0.3333	0.0	0.5	1.0	1.0	0.0
276	0	0.0952	0.0666	1.0	1.0	0.1316	0.0	0.0	1.0	0.5	0.2222	0.5	0.5	1.0	1.0	0.3333	1.0	1.0	1.0	1.0	0.0
277	1	0.1429	0.0	0.3333	0.6667	0.4211	0.0	1.0	0.0	0.5	0.6667	0.25	0.5	1.0	1.0	0.3333	1.0	1.0	1.0	1.0	0.0
278	1	0.1429	0.0644	1.0	0.0	0.0	0.0	0.0	0.0	0.5	0.6667	0.25	0.5	1.0	1.0	0.3333	1.0	1.0	1.0	1.0	0.0
279	1	0.0952	0.3648	0.0	0.0	0.3947	0.0	1.0	0.6667	0.5	0.2222	0.25	0.0	1.0	1.0	0.3333	1.0	1.0	1.0	1.0	0.0
280	0	0.2857	0.0919	1.0	0.0	0.5526	0.0	1.0	1.0	0.5	0.6667	0.25	0.0	0.6667	0.0	0.3333	1.0	1.0	1.0	1.0	0.0
281	1	0.0	0.037	0.3333	1.0	0.7368	0.0	0.0	0.6667	1.0	0.0	0.25	0.5	0.0	0.5	0.3333	1.0	1.0	1.0	1.0	0.0
282	1	0.2143	0.0098	1.0	1.0	0.0	0.0	0.0	0.0	0.5	0.1111	0.25	0.5	0.0	0.5	0.3333	1.0	1.0	1.0	1.0	0.0
283	1	0.0	0.0241	0.0	0.6667	0.4474	1.0	0.0	0.3333	1.0	1.0	0.5	0.75	0.0	0.5	0.3333	1.0	1.0	1.0	1.0	0.0
284	1	0.2143	0.3247	0.0	0.3333	0.6316	1.0	0.0	1.0	0.75	0.8889	0.25	0.0	0.0	0.5	0.3333	1.0	1.0	1.0	1.0	0.0
285	1	0.2143	0.3303	0.0	1.0	0.1316	1.0	0.0	0.0	0.75	0.6667	0.25	1.0	0.0	0.5	0.3333	1.0	1.0	1.0	1.0	0.0
286	0	0.5714	0.2699	0.3333	1.0	0.2368	0.0	0.0	0.0	0.5	0.6667	0.25	0.0	0.3333	0.5	0.3333	1.0	1.0	1.0	1.0	0.0
287	1	0.2143	0.0674	0.3333	0.3333	0.6579	1.0	0.0	1.0	1.0	0.7778	0.75	0.5	0.6667	0.5	0.3333	1.0	1.0	1.0	1.0	0.0
288	0	0.3571	0.1048	1.0	0.3333	0.4737	1.0	1.0	0.0	0.25	0.2222	0.5	0.5	1.0	0.5	0.3333	1.0	1.0	1.0	1.0	0.0
289	1	0.1429	0.1689	1.0	0.6667	0.0526	0.0	0.0	0.0	0.5	0.7778	0.25	0.5	1.0	0.5	0.3333	1.0	1.0	1.0	1.0	0.0
290	0	0.1429	0.1359	1.0	0.3333	0.3947	0.0	0.0	0.3333	0.5	0.6667	0.25	0.5	1.0	0.5	0.3333	1.0	1.0	1.0	1.0	0.0
291	1	0.119	0.7352	0.0	1.0	0.4474	1.0	0.0	1.0	1.0	0.2222	0.25	0.5	1.0	0.5	0.3333	1.0	1.0	1.0	1.0	0.0
292	0	0.5	0.2034	1.0	0.3333	0.0263	1.0	0.0	0.3333	1.0	0.7778	0.75	0.5	1.0	0.5	0.3333	1.0	1.0	1.0	1.0	0.0
293	1	0.1429	0.3215	0.3333	0.0	0.3947	1.0	1.0	1.0	1.0	0.0	0.5	0.0	1.0	0.5	0.3333	1.0	1.0	1.0	1.0	0.0
294	0	0.9286	0.4549	1.0	0.3333	0.0789	1.0	0.0	0.3333	1.0	0.7778	0.25	0.0	1.0	0.5	0.3333	1.0	1.0	1.0	1.0	0.0
295	0	0.4286	0.0636	1.0	0.3333	0.2632	0.0	0.0	0.0	0.5	0.7778	0.0	0.5	0.0	0.5	0.6667	1.0	1.0	1.0	1.0	0.0
296	1	0.1429	0.173	0.0	0.3333	0.6316	0.0	0.0	0.6667	0.5	0.6667	0.25	0.5	0.0	0.5	0.6667	1.0	1.0	1.0	1.0	0.0
297	1	0.4286	0.0609	0.6667	0.6667	0.9211	0.0	0.0	0.6667	0.5	0.7778	0.75	0.5	0.0	0.5	0.6667	1.0	1.0	1.0	1.0	0.0
298	0	0.2857	0.029	0.0	0.3333	0.0263	0.0	0.0	0.0	0.5	0.2222	0.25	0.0	0.0	0.5	0.6667	1.0	1.0	1.0	1.0	0.0
299	0	0.0714	0.0	1.0	0.6667	0.1579	0.0	0.0	0.0	0.5	0.2222	0.25	0.5	1.0	0.5	0.6667	1.0	1.0	1.0	1.0	0.0
300	0	0.5238	0.3713	0.6667	0.3333	0.6053	0.0	0.0	0.0	0.5	0.2222	0.25	0.5	1.0	0.5	0.6667	1.0	1.0	1.0	1.0	0.0
301	1	0.0714	0.041	1.0	1.0	0.1316	1.0	0.0	0.3333	0.5	0.7778	0.25	1.0	1.0	0.5	0.6667	1.0	1.0	1.0	1.0	0.0
302	0	0.4286	0.2055	1.0	1.0	0.6579	1.0	1.0	1.0	0.75	0.2222	0.25	1.0	1.0	0.5	0.6667	1.0	1.0	1.0	1.0	0.0
303	0	0.4286	0.0542	1.0	1.0	1.0	1.0	0.0	0.0	1.0	0.2222	0.25	1.0	1.0	0.5	0.6667	1.0	1.0	1.0	1.0	0.0
304	1	0.2143	0.0665	1.0	1.0	0.4211	1.0	0.0	0.3333	0.5	0.4444	0.25	1.0	1.0	0.5	0.6667	1.0	1.0	1.0	1.0	0.0
305	1	0.0476	0.0046	1.0	0.3333	0.5789	0.0	0.0	0.3333	0.5	0.7778	0.25	0.75	0.0	1.0	1.0	1.0	1.0	1.0	1.0	0.0
306	1	0.0714	0.2797	0.0	0.3333	0.2895	0.0	0.0	0.3333	0.5	0.2222	0.5	0.5	0.0	0.5	1.0	1.0	1.0	1.0	1.0	0.0
307	0	0.0714	0.0029	0.6667	0.3333	0.1579	0.0	0.0	0.6667	0.5	0.7778	0.25	0.5	0.0	0.5	1.0	1.0	1.0	1.0	1.0	0.0
308	0	0.1429	0.0575	1.0	0.3333	0.0526	0.0	0.0	0.0	0.5	0.2222	0.25	0.5	0.0	0.5	1.0	1.0	1.0	1.0	1.0	0.0
309	1	0.1429	0.3081	1.0	0.6667	0.3421	0.0	1.0	1.0	0.25	1.0	0.75	0.5	0.0	0.5	1.0	1.0	1.0	1.0	1.0	0.0
310	1	0.1429	0.1149	0.6667	1.0	0.2368	0.0	0.0	1.0	0.5	0.6667	0.25	0.75	0.0	0.5	1.0	1.0	1.0	1.0	1.0	0.0
311	0	0.2143	0.1816	0.3333	0.6667	0.0789	0.0	0.0	0.6667	0.5	0.7778	0.25	0.0	0.0	0.5	1.0	1.0	1.0	1.0	1.0	0.0
312	0	0.1429	0.0627	0.6667	0.0	0.3947	0.0	0.0	0.0	0.5	0.2222	0.25	0.0	0.0	0.5	1.0	1.0	1.0	1.0	1.0	0.0
313	1	0.119	0.0491	1.0	1.0	0.9211	1.0	0.0	1.0	1.0	0.7778	0.0	0.25	0.0	0.5	1.0	1.0	1.0	1.0	1.0	0.0
314	1	0.1429	0.0	1.0	0.3333	0.7105	0.0	0.0	1.0	0.5	0.2222	0.25	0.5	0.3333	0.5	1.0	1.0	1.0	1.0	1.0	0.0
315	1	0.1429	0.0	1.0	0.3333	0.4737	0.0	0.0	0.0	0.5	0.7778	0.25	0.5	0.6667	0.5	1.0	1.0	1.0	1.0	1.0	0.0
316	1	0.1429	0.0507	1.0	0.6667	0.1316	0.0	0.0	0.0	0.5	0.2222	0.25	0.5	0.6667	0.5	1.0	1.0	1.0	1.0	1.0	0.0
317	1	0.4286	0.222	1.0	0.3333	0.3421	1.0	0.0	1.0	1.0	0.7778	0.25	0.5	1.0	0.5	1.0	1.0	1.0	1.0	1.0	0.0
318	0	0.2857	0.2423	0.3333	0.0	0.3158	0.0	1.0	0.6667	0.5	0.6667	0.25	0.5	1.0	0.5	1.0	1.0	1.0	1.0	1.0	0.0
319	1	0.1429	0.0706	1.0	0.3333	0.5526	1.0	1.0	0.0	0.75	0.2222	0.25	0.5	1.0	0.5	1.0	1.0	1.0	1.0	1.0	0.0
320	0	0.1429	0.0053	1.0	0.6667	1.0	0.0	0.0	0.3333	0.5	0.7778	0.75	0.5	1.0	0.5	1.0	1.0	1.0	1.0	1.0	0.0
321	1	0.1429	0.1555	0.3333	0.6667	0.7105	0.0	1.0	1.0	1.0	0.0	0.25	0.75	1.0	0.5	1.0	1.0	1.0	1.0	1.0	0.0
322	1	0.0	0.3083	0.0	1.0	1.0	0.0	0.0	1.0	0.5	0.1111	0.25	0.75	1.0	0.5	1.0	1.0	1.0	1.0	1.0	0.0
323	0	0.2857	0.1366	0.3333	0.3333	0.2368	1.0	0.0	0.3333	1.0	0.6667	0.25	0.0	1.0	0.5	1.0	1.0	1.0	1.0	1.0	0.0
324	0	0.1429	0.2101	1.0	0.0	0.2895	0.0	1.0	0.0	0.5	0.2222	0.25	0.0	1.0	0.5	1.0	1.0	1.0	1.0	1.0	0.0
325	1	0.0952	0.1803	0.6667	1.0	0.7895	0.0	0.0	0.0	0.5	0.7778	0.25	1.0	1.0	0.5	1.0	1.0	1.0	1.0	1.0	0.0
326	1	0.1429	0.0877	1.0	0.0	0.4211	1.0	1.0	1.0	1.0	0.2222	0.25	1.0	1.0	0.5	1.0	1.0	1.0	1.0	1.0	0.0
327	1	0.1429	0.0605	1.0	1.0	1.0	1.0	0.0	1.0	1.0	0.2222	0.25	1.0	1.0	0.5	1.0	1.0	1.0	1.0	1.0	0.0
328	0	0.1429	0.0132	1.0	0.3333	0.0263	0.0	0.0	0.3333	0.5	0.2222	0.0	0.0	0.0	0.5	0.3333	0.5	1.0	1.0	1.0	0.0
329	0	0.1429	0.0088	1.0	0.6667	0.2895	0.0	1.0	1.0	1.0	0.7778	0.5	1.0	0.0	0.5	0.3333	0.5	1.0	1.0	1.0	0.0
330	1	0.1667	0.1218	0.6667	0.0	0.1579	1.0	0.0	0.0	1.0	0.1111	0.25	0.0	1.0	0.5	0.3333	0.5	1.0	1.0	1.0	0.0
331	1	0.0	0.1165	0.3333	1.0	0.6053	0.0	1.0	1.0	0.25	0.7778	0.75	1.0	1.0	0.5	0.3333	0.5	1.0	1.0	1.0	0.0
332	0	0.4286	0.4537	0.3333	1.0	0.0789	0.0	0.0	0.3333	1.0	0.6667	0.25	0.0	0.0	0.5	0.6667	0.5	1.0	1.0	1.0	0.0
333	0	0.1429	0.0	0.3333	0.6667	0.0789	0.0	0.0	0.3333	0.5	0.2222	0.25	0.75	0.6667	0.5	0.6667	0.5	1.0	1.0	1.0	0.0
334	0	0.1429	0.0	1.0	1.0	0.5	0.0	1.0	1.0	0.5	0.0	0.25	1.0	1.0	0.5	0.6667	0.5	1.0	1.0	1.0	0.0
335	0	0.1429	0.0191	1.0	1.0	0.5	0.0	1.0	0.3333	0.5	0.2222	0.25	1.0	1.0	0.5	0.6667	0.5	1.0	1.0	1.0	0.0
336	1	0.1429	0.0492	0.6667	0.6667	0.4737	1.0	0.0	0.3333	0.5	0.7778	0.25	1.0	0.6667	1.0	1.0	0.5	1.0	1.0	1.0	0.0
337	0	0.1429	0.0	1.0	1.0	0.0526	0.0	0.0	0.0	0.25	0.7778	0.25	0.5	0.0	0.5	1.0	0.5	1.0	1.0	1.0	0.0
338	1	0.0	0.0	0.3333	0.3333	0.5	1.0	0.0	1.0	1.0	0.2222	1.0	0.5	0.0	0.5	1.0	0.5	1.0	1.0	1.0	0.0
339	0	0.4286	0.0706	1.0	0.3333	0.3947	1.0	1.0	0.6667	1.0	0.2222	0.5	0.75	1.0	0.5	1.0	0.5	1.0	1.0	1.0	0.0
340	1	0.1429	0.2717	0.0	0.6667	0.7105	1.0	1.0	0.3333	1.0	0.2222	0.25	0.0	1.0	0.5	1.0	0.5	1.0	1.0	1.0	0.0
341	0	0.3571	0.2102	1.0	0.3333	0.5	0.0	1.0	1.0	0.75	0.1111	0.75	0.0	1.0	0.5	1.0	0.5	1.0	1.0	1.0	0.0
342	0	0.0	0.0239	0.0	0.0	0.2632	0.0	0.0	0.3333	0.25	0.2222	0.0	0.0	0.0	0.5	0.3333	0.0	1.0	1.0	1.0	0.0
343	1	0.2857	0.2632	0.0	0.0	0.6053	0.0	0.0	0.6667	0.5	0.6667	0.25	0.0	0.0	0.5	0.3333	0.0	1.0	1.0	1.0	0.0
344	1	0.5714	0.3318	1.0	1.0	0.7105	1.0	0.0	0.6667	1.0	0.7778	0.5	1.0	1.0	0.5	0.3333	0.0	1.0	1.0	1.0	0.0
345	1	0.0	0.0072	0.0	0.3333	0.1053	0.0	1.0	1.0	0.25	0.2222	0.5	0.5	1.0	1.0	1.0	0.0	1.0	1.0	1.0	0.0
346	1	0.0952	0.0372	1.0	1.0	0.0263	0.0	0.0	0.3333	0.25	0.7778	0.25	0.5	1.0	0.5	1.0	0.0	1.0	1.0	1.0	0.0
347	0	0.4286	0.0595	1.0	0.3333	0.0263	0.0	0.0	0.3333	0.5	0.2222	0.25	0.0	1.0	0.5	1.0	0.0	1.0	1.0	1.0	0.0
348	0	0.1429	0.0	1.0	1.0	0.9211	0.0	0.0	0.0	0.5	0.7778	0.25	1.0	1.0	0.5	1.0	0.0	1.0	1.0	1.0	0.0
349	0	0.4286	0.0694	1.0	0.3333	0.5526	1.0	1.0	0.0	0.75	0.2222	0.25	0.25	1.0	0.5	1.0	1.0	0.0	0.6667	1.0	0.0
350	0	0.7143	0.2205	1.0	1.0	0.7368	0.0	0.0	0.3333	0.5	0.7778	0.0	0.5	0.0	0.0	0.0	1.0	0.0	0.6667	1.0	0.0
351	0	0.0	0.0541	1.0	1.0	0.3421	0.0	0.0	0.0	0.25	0.0	0.25	1.0	0.0	0.5	0.0	1.0	0.0	0.6667	1.0	0.0
352	1	0.2143	0.5202	0.0	1.0	0.3421	0.0	0.0	1.0	0.5	0.2222	0.75	1.0	0.0	0.5	0.0	1.0	0.0	0.6667	1.0	0.0
353	0	0.1429	0.1615	1.0	0.0	0.1842	0.0	0.0	0.0	0.25	0.7778	0.25	0.5	0.3333	0.5	0.0	1.0	0.0	0.6667	1.0	0.0
354	1	0.4286	0.2455	0.6667	1.0	0.7632	0.0	0.0	0.6667	0.5	0.6667	0.25	1.0	0.3333	0.5	0.0	1.0	0.0	0.6667	1.0	0.0
355	0	1.0	0.6291	1.0	1.0	0.5263	0.0	0.0	0.3333	0.5	0.0	0.25	0.5	1.0	0.5	0.0	1.0	0.0	0.6667	1.0	0.0
356	0	0.2857	0.2125	1.0	1.0	1.0	1.0	0.0	0.0	0.5	0.7778	0.25	0.5	1.0	0.5	0.0	1.0	0.0	0.6667	1.0	0.0
357	0	1.0	0.7229	0.6667	1.0	0.8158	1.0	1.0	0.0	0.0	0.6667	0.25	0.5	1.0	0.5	0.0	1.0	0.0	0.6667	1.0	0.0
358	0	0.4286	0.4689	0.6667	1.0	0.8158	1.0	1.0	0.0	0.75	0.2222	0.25	0.5	1.0	0.5	0.0	1.0	0.0	0.6667	1.0	0.0
359	0	1.0	0.3628	1.0	1.0	0.6316	0.0	1.0	0.0	0.5	0.2222	0.25	0.75	1.0	0.5	0.0	1.0	0.0	0.6667	1.0	0.0
360	1	0.0238	0.0143	0.6667	1.0	0.3684	0.0	0.0	1.0	0.75	0.7778	0.5	1.0	1.0	0.5	0.0	1.0	0.0	0.6667	1.0	0.0
361	1	0.0	0.0	1.0	1.0	0.3684	1.0	0.0	1.0	1.0	0.7778	0.5	1.0	1.0	0.5	0.0	1.0	0.0	0.6667	1.0	0.0
362	0	0.7143	0.8603	0.6667	1.0	0.6579	0.0	0.0	0.0	0.5	0.8889	0.5	1.0	1.0	0.5	0.0	1.0	0.0	0.6667	1.0	0.0
363	1	0.7143	0.2421	1.0	0.6667	0.2105	0.0	0.0	0.3333	0.75	0.2222	0.0	1.0	1.0	0.5	0.0	1.0	0.0	0.6667	1.0	0.0
364	0	1.0	0.6218	1.0	1.0	0.7368	0.0	0.0	0.3333	0.75	0.0	0.25	1.0	1.0	0.5	0.0	1.0	0.0	0.6667	1.0	0.0
365	1	0.4286	0.0992	1.0	1.0	0.8421	1.0	1.0	1.0	1.0	0.0	0.25	1.0	1.0	0.5	0.0	1.0	0.0	0.6667	1.0	0.0
366	1	0.7143	0.5393	0.3333	1.0	0.5263	0.0	1.0	0.0	0.5	0.8889	0.25	1.0	1.0	0.5	0.0	1.0	0.0	0.6667	1.0	0.0
367	0	1.0	0.4389	0.6667	1.0	0.0526	1.0	1.0	0.0	0.0	0.8889	0.25	1.0	1.0	0.5	0.0	1.0	0.0	0.6667	1.0	0.0
368	0	0.0714	0.0471	1.0	0.6667	0.2632	1.0	1.0	0.3333	1.0	0.0	1.0	1.0	1.0	0.5	0.0	1.0	0.0	0.6667	1.0	0.0
369	0	0.1429	0.0944	1.0	1.0	0.8684	1.0	1.0	1.0	0.75	0.4444	1.0	1.0	1.0	0.5	0.0	1.0	0.0	0.6667	1.0	0.0
370	1	0.2857	0.1429	1.0	1.0	0.6579	1.0	0.0	1.0	0.5	0.6667	0.25	0.5	1.0	0.5	0.0	0.5	0.0	0.6667	1.0	0.0
371	0	1.0	1.0	0.3333	0.3333	0.5789	0.0	0.0	1.0	1.0	0.2222	0.75	0.5	1.0	0.5	0.0	0.5	0.0	0.6667	1.0	0.0
372	0	0.4286	0.0258	1.0	0.6667	0.4211	0.0	1.0	0.6667	0.5	0.2222	0.25	0.75	1.0	0.5	0.0	0.5	0.0	0.6667	1.0	0.0
373	1	0.2143	0.0656	1.0	1.0	0.6053	0.0	1.0	1.0	0.5	0.8889	0.5	1.0	1.0	0.5	0.0	0.5	0.0	0.6667	1.0	0.0
374	1	0.2143	0.1272	1.0	0.0	0.6316	0.0	0.0	0.0	0.5	0.6667	0.25	0.0	0.0	1.0	0.3333	1.0	0.5	0.6667	1.0	0.0
375	0	0.9286	0.2612	1.0	1.0	0.0	0.0	0.0	0.3333	0.5	0.7778	0.0	0.5	1.0	1.0	0.3333	1.0	0.5	0.6667	1.0	0.0
376	0	0.0714	0.0731	0.6667	1.0	0.0	0.0	0.0	0.0	0.5	0.7778	0.25	0.0	0.0	0.5	0.3333	1.0	0.5	0.6667	1.0	0.0
377	0	0.2857	0.2705	0.0	1.0	0.1053	0.0	0.0	0.0	0.0	0.6667	0.25	0.0	0.0	0.5	0.3333	1.0	0.5	0.6667	1.0	0.0
378	0	0.1429	0.2542	1.0	0.6667	0.0789	1.0	0.0	0.3333	0.0	0.6667	0.25	0.0	0.0	0.5	0.3333	1.0	0.5	0.6667	1.0	0.0
379	1	0.2857	0.0373	1.0	1.0	0.0	0.0	0.0	0.0	1.0	0.6667	0.25	0.0	0.0	0.5	0.3333	1.0	0.5	0.6667	1.0	0.0
380	0	0.4286	0.0551	1.0	1.0	0.0526	0.0	0.0	0.0	0.5	0.2222	0.25	0.0	0.0	0.5	0.3333	1.0	0.5	0.6667	1.0	0.0
381	0	1.0	0.4054	0.6667	1.0	0.0526	0.0	0.0	0.0	0.5	0.1111	0.25	0.0	0.0	0.5	0.3333	1.0	0.5	0.6667	1.0	0.0
382	0	0.2143	0.0616	0.3333	0.3333	0.0789	0.0	0.0	0.3333	0.25	0.2222	0.0	0.5	0.6667	0.5	0.3333	1.0	0.5	0.6667	1.0	0.0
383	0	0.1429	0.0207	1.0	1.0	0.0	0.0	0.0	0.0	0.5	1.0	0.25	0.75	0.6667	0.5	0.3333	1.0	0.5	0.6667	1.0	0.0
384	0	1.0	0.7869	0.3333	1.0	0.3947	0.0	0.0	0.0	0.25	0.1111	0.25	0.75	0.0	1.0	0.6667	1.0	0.5	0.6667	1.0	0.0
385	0	0.5714	0.3075	0.3333	1.0	0.0	0.0	0.0	0.3333	0.5	0.6667	0.0	0.5	0.0	0.0	0.6667	1.0	0.5	0.6667	1.0	0.0
386	0	0.0714	0.1424	0.3333	0.3333	0.0	1.0	0.0	1.0	0.5	0.6667	0.25	0.0	0.0	0.0	0.6667	1.0	0.5	0.6667	1.0	0.0
387	0	0.2143	0.0628	1.0	0.3333	0.0526	0.0	0.0	0.0	0.5	0.4444	0.5	0.5	0.0	0.5	0.6667	1.0	0.5	0.6667	1.0	0.0
388	0	0.1429	0.0636	0.3333	1.0	0.0	0.0	0.0	0.0	0.5	0.6667	0.25	0.5	0.0	0.5	0.6667	1.0	0.5	0.6667	1.0	0.0
389	1	0.2143	0.0773	0.3333	1.0	0.1579	0.0	0.0	0.0	0.5	0.2222	0.25	0.5	0.0	0.5	0.6667	1.0	0.5	0.6667	1.0	0.0
390	0	0.4286	0.0817	1.0	1.0	0.0263	1.0	0.0	0.0	0.5	0.2222	0.25	0.75	0.0	0.5	0.6667	1.0	0.5	0.6667	1.0	0.0
391	1	0.2143	0.2787	0.3333	0.6667	0.0	0.0	0.0	1.0	0.5	0.2222	1.0	0.75	0.0	0.5	0.6667	1.0	0.5	0.6667	1.0	0.0
392	1	0.1429	0.4469	0.0	1.0	0.0	0.0	0.0	1.0	0.5	0.8889	0.5	0.0	0.0	0.5	0.6667	1.0	0.5	0.6667	1.0	0.0
393	1	0.2857	0.3311	0.0	1.0	0.0	0.0	0.0	0.0	0.5	0.6667	0.25	0.0	0.0	0.5	0.6667	1.0	0.5	0.6667	1.0	0.0
394	0	0.1429	0.0651	0.6667	0.0	0.0789	0.0	0.0	0.3333	0.5	0.2222	0.25	0.0	0.0	0.5	0.6667	1.0	0.5	0.6667	1.0	0.0
395	0	0.4286	0.3834	0.6667	1.0	0.1579	0.0	0.0	0.3333	0.5	0.8889	0.75	0.0	0.0	0.5	0.6667	1.0	0.5	0.6667	1.0	0.0
396	1	0.2143	0.2024	0.0	1.0	0.0263	0.0	0.0	0.0	0.5	0.2222	0.25	0.25	0.0	0.5	0.6667	1.0	0.5	0.6667	1.0	0.0
397	0	0.7143	0.1788	1.0	1.0	0.2368	0.0	0.0	0.0	0.5	0.7778	0.25	0.5	0.3333	0.5	0.6667	1.0	0.5	0.6667	1.0	0.0
398	0	0.3571	0.1807	0.3333	0.0	0.2895	0.0	0.0	0.6667	1.0	0.0	0.25	0.0	0.3333	0.5	0.6667	1.0	0.5	0.6667	1.0	0.0
399	0	0.2857	0.6825	0.3333	1.0	1.0	1.0	0.0	1.0	0.5	0.2222	0.5	0.5	1.0	0.5	0.6667	1.0	0.5	0.6667	1.0	0.0
400	0	0.2143	0.0261	1.0	0.6667	0.2895	1.0	1.0	0.0	0.0	0.2222	0.25	1.0	1.0	0.5	0.6667	1.0	0.5	0.6667	1.0	0.0
401	0	0.9286	1.0	0.3333	1.0	0.1842	1.0	0.0	0.0	0.0	0.1111	0.25	1.0	1.0	0.5	0.6667	1.0	0.5	0.6667	1.0	0.0
402	0	0.2857	0.0	0.6667	1.0	0.0	0.0	0.0	1.0	0.5	0.7778	0.25	0.25	0.0	0.0	1.0	1.0	0.5	0.6667	1.0	0.0
403	1	0.1429	0.0	1.0	1.0	0.0	1.0	0.0	0.3333	0.75	0.7778	0.25	0.5	0.6667	0.0	1.0	1.0	0.5	0.6667	1.0	0.0
404	0	0.4286	0.0736	1.0	1.0	0.0789	0.0	0.0	0.0	0.5	0.2222	0.5	0.5	0.0	0.5	1.0	1.0	0.5	0.6667	1.0	0.0
405	1	0.0714	0.0756	1.0	0.3333	0.1053	0.0	0.0	1.0	0.5	0.6667	0.25	0.5	0.0	0.5	1.0	1.0	0.5	0.6667	1.0	0.0
406	0	0.2857	0.1587	1.0	1.0	0.0526	1.0	0.0	0.0	1.0	0.6667	0.25	0.5	0.0	0.5	1.0	1.0	0.5	0.6667	1.0	0.0
407	0	0.5	0.2091	0.6667	0.6667	0.0	0.0	0.0	1.0	0.5	0.2222	0.25	0.5	0.0	0.5	1.0	1.0	0.5	0.6667	1.0	0.0
408	0	0.5714	0.1906	1.0	1.0	0.0263	0.0	0.0	0.0	0.5	0.6667	0.25	0.75	0.0	0.5	1.0	1.0	0.5	0.6667	1.0	0.0
409	1	0.0952	0.2465	0.0	1.0	0.2368	0.0	0.0	1.0	0.5	0.8889	0.5	0.0	0.0	0.5	1.0	1.0	0.5	0.6667	1.0	0.0
410	0	0.2857	0.1361	1.0	0.6667	0.1316	0.0	0.0	0.3333	0.5	0.6667	0.5	0.0	0.0	0.5	1.0	1.0	0.5	0.6667	1.0	0.0
411	1	0.0952	0.1612	0.0	0.6667	0.0263	1.0	0.0	1.0	1.0	0.6667	0.25	0.0	0.0	0.5	1.0	1.0	0.5	0.6667	1.0	0.0
412	0	0.1429	0.0569	0.0	0.0	0.6316	1.0	0.0	0.3333	0.5	0.2222	0.25	1.0	0.3333	0.5	1.0	1.0	0.5	0.6667	1.0	0.0
413	1	0.0	0.1569	0.3333	0.3333	0.1842	0.0	0.0	1.0	0.5	0.7778	0.25	0.75	0.6667	0.5	1.0	1.0	0.5	0.6667	1.0	0.0
414	0	0.1429	0.0921	0.0	0.0	0.0263	0.0	0.0	0.3333	0.5	0.7778	0.25	0.0	0.6667	0.5	1.0	1.0	0.5	0.6667	1.0	0.0
415	1	0.0	0.1153	0.3333	0.3333	0.2105	1.0	0.0	1.0	1.0	0.7778	0.25	1.0	0.6667	0.5	1.0	1.0	0.5	0.6667	1.0	0.0
416	1	0.0714	0.2349	0.3333	0.3333	0.3684	1.0	1.0	0.0	1.0	0.2222	0.25	0.5	1.0	0.5	1.0	1.0	0.5	0.6667	1.0	0.0
417	1	0.0	0.2178	0.3333	0.6667	0.5789	0.0	1.0	0.0	0.5	0.7778	0.75	0.5	1.0	0.5	1.0	1.0	0.5	0.6667	1.0	0.0
418	1	0.4286	0.3273	1.0	1.0	0.0	1.0	0.0	0.6667	1.0	0.6667	0.5	1.0	1.0	0.0	0.0	1.0	0.5	0.6667	1.0	0.0
419	0	1.0	0.743	1.0	1.0	0.3684	0.0	0.0	0.0	0.5	0.1111	0.25	1.0	1.0	0.0	0.0	1.0	0.5	0.6667	1.0	0.0
420	0	0.4286	0.0639	1.0	1.0	0.2632	0.0	0.0	0.0	0.5	0.2222	0.5	0.75	0.0	0.5	0.0	1.0	0.5	0.6667	1.0	0.0
421	0	1.0	0.6435	1.0	0.6667	0.9737	0.0	0.0	0.3333	0.25	0.1111	0.25	1.0	0.0	0.5	0.0	1.0	0.5	0.6667	1.0	0.0
422	1	0.4286	0.7951	0.3333	1.0	0.1842	0.0	0.0	0.3333	1.0	0.8889	1.0	1.0	0.0	0.5	0.0	1.0	0.5	0.6667	1.0	0.0
423	0	0.0	0.0	1.0	0.3333	0.0526	0.0	1.0	0.3333	0.25	0.0	1.0	0.0	0.0	0.5	0.3333	0.5	0.5	0.6667	1.0	0.0
424	0	0.2857	0.1314	1.0	1.0	0.0789	1.0	0.0	0.0	0.5	0.7778	0.25	0.5	0.0	0.5	0.6667	0.5	0.5	0.6667	1.0	0.0
425	0	0.1429	0.0262	1.0	1.0	0.1316	1.0	0.0	0.3333	0.5	0.6667	0.0	0.0	0.0	0.5	0.6667	0.5	0.5	0.6667	1.0	0.0
426	0	0.2857	0.1491	0.0	1.0	0.0	0.0	0.0	0.0	0.5	0.6667	0.25	0.5	0.0	0.5	1.0	0.5	0.5	0.6667	1.0	0.0
427	0	0.4286	0.383	0.6667	1.0	0.0263	1.0	1.0	0.0	0.0	0.6667	0.25	1.0	1.0	0.5	0.0	0.5	0.5	0.6667	1.0	0.0
428	1	0.5714	0.2037	0.0	0.6667	0.4474	0.0	1.0	0.0	0.5	0.7778	0.25	1.0	1.0	1.0	0.3333	1.0	1.0	0.6667	1.0	0.0
429	1	0.1429	0.1018	0.3333	0.6667	0.2105	0.0	0.0	0.0	0.5	0.6667	0.25	0.5	0.0	0.0	0.3333	1.0	1.0	0.6667	1.0	0.0
430	0	0.4286	0.0748	1.0	0.3333	0.3421	0.0	0.0	0.0	0.5	0.2222	0.5	0.5	0.0	0.5	0.3333	1.0	1.0	0.6667	1.0	0.0
431	0	0.2857	0.0365	1.0	0.3333	0.2895	0.0	0.0	0.3333	0.5	0.2222	0.5	0.5	0.0	0.5	0.3333	1.0	1.0	0.6667	1.0	0.0
432	0	0.0714	0.0225	1.0	0.0	0.2105	0.0	0.0	0.3333	0.5	0.6667	0.25	0.5	0.0	0.5	0.3333	1.0	1.0	0.6667	1.0	0.0
433	0	0.1429	0.0753	0.3333	0.3333	0.1053	0.0	0.0	1.0	0.5	0.2222	0.75	0.5	0.0	0.5	0.3333	1.0	1.0	0.6667	1.0	0.0
434	1	0.2143	0.0272	0.6667	0.3333	0.2105	1.0	0.0	1.0	0.75	0.6667	1.0	0.75	0.0	0.5	0.3333	1.0	1.0	0.6667	1.0	0.0
435	0	0.0	0.0	1.0	1.0	0.0263	0.0	0.0	0.0	0.5	0.0	0.25	0.0	0.0	0.5	0.3333	1.0	1.0	0.6667	1.0	0.0
436	0	0.1429	0.0086	1.0	1.0	0.8158	0.0	0.0	0.0	0.5	0.0	0.25	0.0	0.0	0.5	0.3333	1.0	1.0	0.6667	1.0	0.0
437	0	0.0	0.4396	0.0	1.0	0.2632	0.0	0.0	1.0	0.5	0.6667	0.25	0.0	0.0	0.5	0.3333	1.0	1.0	0.6667	1.0	0.0
438	0	0.4286	0.2715	1.0	0.0	0.1316	0.0	0.0	0.0	0.5	0.2222	0.25	0.0	0.0	0.5	0.3333	1.0	1.0	0.6667	1.0	0.0
439	0	0.3571	0.053	0.3333	1.0	0.4474	0.0	1.0	0.3333	0.5	0.1111	0.25	1.0	0.0	0.5	0.3333	1.0	1.0	0.6667	1.0	0.0
440	0	0.1429	0.0025	1.0	0.6667	0.0	0.0	0.0	0.0	0.5	0.4444	0.0	0.25	0.0	0.5	0.3333	1.0	1.0	0.6667	1.0	0.0
441	1	0.2143	0.0289	0.3333	0.6667	0.0789	1.0	0.0	0.0	1.0	0.6667	0.25	0.5	0.3333	0.5	0.3333	1.0	1.0	0.6667	1.0	0.0
442	1	0.3571	0.1846	0.0	1.0	0.6579	1.0	0.0	0.3333	0.75	0.2222	0.25	0.5	0.3333	0.5	0.3333	1.0	1.0	0.6667	1.0	0.0
443	0	0.4286	0.1377	1.0	0.6667	0.2632	0.0	0.0	0.0	0.5	0.7778	0.25	0.0	0.3333	0.5	0.3333	1.0	1.0	0.6667	1.0	0.0
444	1	0.8571	0.6292	0.3333	0.0	0.2895	1.0	0.0	0.6667	0.0	0.1111	0.25	0.0	0.3333	0.5	0.3333	1.0	1.0	0.6667	1.0	0.0
445	0	0.4286	0.1852	0.0	0.0	0.2895	0.0	0.0	0.0	0.5	0.6667	0.0	0.25	0.3333	0.5	0.3333	1.0	1.0	0.6667	1.0	0.0
446	1	0.0	0.0567	0.0	0.3333	0.1316	1.0	0.0	1.0	1.0	0.6667	0.5	0.5	0.6667	0.5	0.3333	1.0	1.0	0.6667	1.0	0.0
447	0	0.1429	0.0	1.0	0.0	0.0	0.0	0.0	0.0	0.5	0.7778	0.0	0.75	0.6667	0.5	0.3333	1.0	1.0	0.6667	1.0	0.0
448	1	0.2143	0.0724	1.0	0.3333	0.2368	1.0	0.0	1.0	1.0	0.7778	0.25	0.5	1.0	0.5	0.3333	1.0	1.0	0.6667	1.0	0.0
449	0	0.7143	0.8483	0.3333	0.3333	0.1053	0.0	1.0	0.0	0.5	0.8889	0.25	0.5	1.0	0.5	0.3333	1.0	1.0	0.6667	1.0	0.0
450	1	0.4286	0.3897	1.0	1.0	0.1579	0.0	0.0	0.0	0.5	0.6667	0.25	0.5	1.0	0.5	0.3333	1.0	1.0	0.6667	1.0	0.0
451	1	0.1429	0.3312	0.0	0.6667	0.2368	0.0	1.0	0.0	0.5	0.2222	1.0	0.5	1.0	0.5	0.3333	1.0	1.0	0.6667	1.0	0.0
452	0	1.0	0.6598	0.6667	0.3333	0.0526	0.0	0.0	0.3333	0.5	0.2222	0.0	0.75	1.0	0.5	0.3333	1.0	1.0	0.6667	1.0	0.0
453	1	0.0	0.0989	0.6667	0.3333	0.7632	0.0	1.0	1.0	0.5	0.7778	0.25	0.75	1.0	0.5	0.3333	1.0	1.0	0.6667	1.0	0.0
454	1	0.119	0.4577	0.3333	1.0	0.7632	0.0	0.0	0.3333	0.75	0.7778	0.25	0.75	1.0	0.5	0.3333	1.0	1.0	0.6667	1.0	0.0
455	0	0.7143	0.5038	1.0	0.3333	0.1842	0.0	0.0	0.0	0.5	0.6667	0.25	0.75	1.0	0.5	0.3333	1.0	1.0	0.6667	1.0	0.0
456	1	0.4286	0.0978	1.0	0.6667	0.4737	1.0	0.0	1.0	1.0	0.6667	0.25	0.75	1.0	0.5	0.3333	1.0	1.0	0.6667	1.0	0.0
457	0	0.5714	0.866	0.3333	0.3333	0.7105	0.0	0.0	0.3333	1.0	0.6667	0.25	0.75	1.0	0.5	0.3333	1.0	1.0	0.6667	1.0	0.0
458	1	0.1429	0.0796	1.0	0.6667	0.1053	0.0	0.0	0.3333	1.0	0.4444	0.25	0.75	1.0	0.5	0.3333	1.0	1.0	0.6667	1.0	0.0
459	1	0.4286	0.1735	1.0	0.0	0.8421	0.0	0.0	1.0	0.5	0.2222	0.5	0.0	1.0	0.5	0.3333	1.0	1.0	0.6667	1.0	0.0
460	1	0.1429	0.1226	0.6667	1.0	0.5789	0.0	0.0	0.3333	1.0	0.8889	0.0	0.0	1.0	0.5	0.3333	1.0	1.0	0.6667	1.0	0.0
461	0	0.3571	0.3044	0.3333	0.0	0.1053	1.0	0.0	0.0	0.75	0.0	0.25	0.0	1.0	0.5	0.3333	1.0	1.0	0.6667	1.0	0.0
462	1	0.1429	0.004	1.0	1.0	0.4211	1.0	0.0	0.3333	0.5	1.0	0.5	1.0	1.0	0.5	0.3333	1.0	1.0	0.6667	1.0	0.0
463	1	0.0	0.0	1.0	1.0	0.4211	0.0	0.0	0.3333	0.5	0.7778	0.5	1.0	1.0	0.5	0.3333	1.0	1.0	0.6667	1.0	0.0
464	1	0.4286	0.1926	1.0	1.0	0.8158	1.0	0.0	1.0	1.0	0.7778	0.5	1.0	1.0	0.5	0.3333	1.0	1.0	0.6667	1.0	0.0
465	0	0.5714	0.6361	1.0	1.0	0.2368	0.0	0.0	0.0	0.5	0.6667	0.5	1.0	1.0	0.5	0.3333	1.0	1.0	0.6667	1.0	0.0
466	1	0.2143	0.0905	1.0	1.0	1.0	0.0	0.0	1.0	1.0	0.6667	0.5	1.0	1.0	0.5	0.3333	1.0	1.0	0.6667	1.0	0.0
467	1	0.2857	0.1929	1.0	0.3333	0.5263	1.0	0.0	0.3333	0.75	0.1111	0.5	1.0	1.0	0.5	0.3333	1.0	1.0	0.6667	1.0	0.0
468	1	0.5714	0.2596	1.0	1.0	0.6579	0.0	0.0	0.6667	1.0	0.7778	0.25	1.0	1.0	0.5	0.3333	1.0	1.0	0.6667	1.0	0.0
469	0	0.1429	0.1725	0.6667	0.6667	1.0	1.0	0.0	0.0	1.0	0.6667	0.25	1.0	1.0	0.5	0.3333	1.0	1.0	0.6667	1.0	0.0
470	0	0.1429	0.0	1.0	0.6667	0.3421	1.0	0.0	0.0	1.0	0.2222	0.25	1.0	1.0	0.5	0.3333	1.0	1.0	0.6667	1.0	0.0
471	1	0.7143	0.0215	1.0	1.0	0.3684	0.0	0.0	1.0	0.5	0.2222	0.75	1.0	1.0	0.5	0.3333	1.0	1.0	0.6667	1.0	0.0
472	0	0.2857	0.3879	0.3333	0.6667	0.5263	0.0	0.0	0.0	0.5	0.6667	0.25	0.5	1.0	0.0	0.6667	1.0	1.0	0.6667	1.0	0.0
473	1	0.5714	0.5913	0.6667	0.3333	0.4211	0.0	0.0	1.0	1.0	0.7778	0.25	0.75	1.0	0.0	0.6667	1.0	1.0	0.6667	1.0	0.0
474	1	0.7143	0.1892	1.0	1.0	0.0789	0.0	0.0	1.0	0.5	0.7778	0.5	0.5	0.0	0.5	0.6667	1.0	1.0	0.6667	1.0	0.0
475	1	0.1429	0.0189	1.0	0.3333	0.0	0.0	0.0	1.0	0.5	0.7778	0.5	0.5	0.0	0.5	0.6667	1.0	1.0	0.6667	1.0	0.0
476	1	0.2857	0.1903	0.3333	0.3333	0.1053	1.0	0.0	1.0	1.0	0.7778	0.25	0.5	0.0	0.5	0.6667	1.0	1.0	0.6667	1.0	0.0
477	0	0.6429	0.4023	0.0	1.0	0.0263	1.0	0.0	0.0	1.0	0.6667	0.75	0.5	0.0	0.5	0.6667	1.0	1.0	0.6667	1.0	0.0
478	1	0.119	0.0681	1.0	1.0	0.4737	1.0	0.0	0.3333	1.0	0.2222	1.0	0.5	0.0	0.5	0.6667	1.0	1.0	0.6667	1.0	0.0
479	1	0.1429	0.1461	1.0	0.3333	1.0	0.0	0.0	1.0	1.0	0.0	0.5	0.75	0.0	0.5	0.6667	1.0	1.0	0.6667	1.0	0.0
480	1	1.0	0.8774	0.0	0.3333	0.0526	0.0	0.0	0.3333	0.5	0.2222	0.5	0.75	0.0	0.5	0.6667	1.0	1.0	0.6667	1.0	0.0
481	1	0.5714	0.5707	1.0	0.3333	0.0789	1.0	0.0	1.0	1.0	0.7778	0.25	0.75	0.0	0.5	0.6667	1.0	1.0	0.6667	1.0	0.0
482	1	0.4286	0.0742	1.0	0.0	0.1579	0.0	0.0	1.0	0.5	0.7778	0.75	0.75	0.0	0.5	0.6667	1.0	1.0	0.6667	1.0	0.0
483	0	0.2857	0.1761	0.6667	0.6667	0.1579	1.0	0.0	0.3333	0.0	0.2222	0.0	0.0	0.0	0.5	0.6667	1.0	1.0	0.6667	1.0	0.0
484	1	0.4286	0.0999	1.0	1.0	0.8684	0.0	0.0	0.0	0.5	0.7778	0.25	1.0	0.0	0.5	0.6667	1.0	1.0	0.6667	1.0	0.0
485	0	0.2857	0.0465	1.0	0.3333	0.2895	0.0	0.0	0.0	0.5	0.6667	0.25	0.25	0.0	0.5	0.6667	1.0	1.0	0.6667	1.0	0.0
486	1	0.1429	0.2099	0.3333	0.0	0.5263	0.0	0.0	0.0	0.5	0.6667	0.25	0.5	0.3333	0.5	0.6667	1.0	1.0	0.6667	1.0	0.0
487	0	0.1429	0.0738	0.3333	0.6667	0.3684	0.0	0.0	0.0	0.5	0.2222	0.25	0.75	0.3333	0.5	0.6667	1.0	1.0	0.6667	1.0	0.0
488	0	0.7143	0.2373	1.0	1.0	0.1316	1.0	0.0	0.3333	1.0	0.2222	0.25	0.0	0.3333	0.5	0.6667	1.0	1.0	0.6667	1.0	0.0
489	0	0.7143	1.0	0.0	0.0	0.1579	1.0	0.0	1.0	0.75	0.1111	0.25	0.0	0.3333	0.5	0.6667	1.0	1.0	0.6667	1.0	0.0
490	0	0.4286	0.2572	0.3333	1.0	0.0	0.0	0.0	0.0	0.5	0.6667	0.5	0.5	0.6667	0.5	0.6667	1.0	1.0	0.6667	1.0	0.0
491	0	0.1429	0.0204	1.0	0.3333	0.0263	0.0	0.0	0.0	0.5	0.2222	0.5	0.5	0.6667	0.5	0.6667	1.0	1.0	0.6667	1.0	0.0
492	0	1.0	0.5508	0.3333	0.3333	0.0526	0.0	0.0	0.3333	0.5	0.7778	0.0	0.5	0.6667	0.5	0.6667	1.0	1.0	0.6667	1.0	0.0
493	0	0.2857	0.0594	1.0	0.3333	0.2895	0.0	0.0	0.3333	1.0	0.7778	0.25	0.5	0.6667	0.5	0.6667	1.0	1.0	0.6667	1.0	0.0
494	1	0.0	0.1537	0.0	0.3333	0.0526	0.0	0.0	1.0	1.0	0.2222	0.75	0.5	0.6667	0.5	0.6667	1.0	1.0	0.6667	1.0	0.0
495	1	0.1429	0.1479	1.0	0.3333	0.2105	0.0	0.0	0.3333	0.5	0.8889	0.5	0.5	1.0	0.5	0.6667	1.0	1.0	0.6667	1.0	0.0
496	1	0.1429	0.0	1.0	0.3333	0.2632	1.0	0.0	1.0	1.0	0.0	0.25	0.5	1.0	0.5	0.6667	1.0	1.0	0.6667	1.0	0.0
497	1	0.7143	0.5794	1.0	0.0	0.0526	0.0	0.0	0.6667	0.5	0.7778	0.25	0.5	1.0	0.5	0.6667	1.0	1.0	0.6667	1.0	0.0
498	0	0.7143	0.3943	1.0	0.3333	0.1053	0.0	0.0	0.6667	0.5	0.7778	0.25	0.5	1.0	0.5	0.6667	1.0	1.0	0.6667	1.0	0.0
499	1	0.2857	0.1221	1.0	0.3333	0.0526	1.0	0.0	1.0	1.0	0.7778	0.25	0.5	1.0	0.5	0.6667	1.0	1.0	0.6667	1.0	0.0
500	0	0.2857	0.1969	0.3333	0.3333	0.0	0.0	0.0	0.0	0.5	0.6667	0.25	0.5	1.0	0.5	0.6667	1.0	1.0	0.6667	1.0	0.0
501	0	0.1429	0.0	1.0	0.3333	0.2105	0.0	0.0	0.3333	0.5	0.4444	0.25	0.5	1.0	0.5	0.6667	1.0	1.0	0.6667	1.0	0.0
502	1	0.7143	0.2139	1.0	0.3333	0.1316	1.0	0.0	1.0	0.0	0.4444	0.25	0.5	1.0	0.5	0.6667	1.0	1.0	0.6667	1.0	0.0
503	0	1.0	0.2634	0.6667	1.0	0.8421	0.0	0.0	0.0	0.5	0.4444	0.25	0.5	1.0	0.5	0.6667	1.0	1.0	0.6667	1.0	0.0
504	1	0.5	0.8917	0.3333	0.3333	0.1316	1.0	0.0	1.0	0.75	0.8889	1.0	0.5	1.0	0.5	0.6667	1.0	1.0	0.6667	1.0	0.0
505	1	0.2857	0.2191	1.0	0.3333	0.1579	0.0	0.0	0.0	0.5	0.6667	1.0	0.5	1.0	0.5	0.6667	1.0	1.0	0.6667	1.0	0.0
506	0	0.0714	0.0857	1.0	0.3333	0.0	0.0	0.0	1.0	0.5	0.7778	0.25	0.75	1.0	0.5	0.6667	1.0	1.0	0.6667	1.0	0.0
507	1	0.2143	0.2609	0.3333	0.3333	0.2895	0.0	0.0	1.0	0.5	0.8889	0.25	0.75	1.0	0.5	0.6667	1.0	1.0	0.6667	1.0	0.0
508	1	0.5	0.4968	0.6667	1.0	0.1053	1.0	0.0	1.0	0.75	0.1111	0.25	0.75	1.0	0.5	0.6667	1.0	1.0	0.6667	1.0	0.0
509	1	0.4286	0.2459	0.3333	0.0	0.1842	0.0	0.0	0.3333	0.5	0.7778	0.0	0.0	1.0	0.5	0.6667	1.0	1.0	0.6667	1.0	0.0
510	1	0.1429	0.1441	1.0	0.0	0.1316	0.0	0.0	0.3333	1.0	0.2222	0.0	0.0	1.0	0.5	0.6667	1.0	1.0	0.6667	1.0	0.0
511	0	0.8571	0.3667	1.0	0.6667	0.3158	0.0	0.0	0.0	0.5	0.7778	0.25	0.0	1.0	0.5	0.6667	1.0	1.0	0.6667	1.0	0.0
512	1	0.4762	0.8186	0.3333	0.6667	0.2105	1.0	0.0	0.3333	0.5	0.8889	0.25	0.0	1.0	0.5	0.6667	1.0	1.0	0.6667	1.0	0.0
513	1	0.1429	0.029	1.0	1.0	0.3421	1.0	0.0	1.0	1.0	0.7778	0.5	1.0	1.0	0.5	0.6667	1.0	1.0	0.6667	1.0	0.0
514	1	0.2857	0.2462	1.0	1.0	0.5526	0.0	1.0	0.3333	0.75	0.2222	0.5	1.0	1.0	0.5	0.6667	1.0	1.0	0.6667	1.0	0.0
515	0	0.4286	0.3278	0.3333	1.0	0.2368	1.0	0.0	1.0	0.5	0.7778	0.0	1.0	1.0	0.5	0.6667	1.0	1.0	0.6667	1.0	0.0
516	1	0.0	0.0394	1.0	1.0	0.1579	0.0	1.0	0.3333	0.5	0.7778	0.25	1.0	1.0	0.5	0.6667	1.0	1.0	0.6667	1.0	0.0
517	0	0.2143	0.0094	1.0	0.6667	0.3947	0.0	1.0	0.3333	0.5	0.7778	0.25	1.0	1.0	0.5	0.6667	1.0	1.0	0.6667	1.0	0.0
518	1	0.7143	0.424	1.0	0.3333	0.2368	0.0	0.0	0.6667	0.5	0.7778	0.25	1.0	1.0	0.5	0.6667	1.0	1.0	0.6667	1.0	0.0
519	0	0.7143	0.308	1.0	0.3333	0.5263	0.0	1.0	0.0	0.5	0.6667	0.25	1.0	1.0	0.5	0.6667	1.0	1.0	0.6667	1.0	0.0
520	1	0.7143	0.1785	1.0	1.0	0.4474	0.0	0.0	1.0	0.5	0.7778	0.75	1.0	1.0	0.5	0.6667	1.0	1.0	0.6667	1.0	0.0
521	1	0.381	0.2209	0.6667	1.0	0.4737	0.0	0.0	1.0	0.5	0.7778	0.75	1.0	1.0	0.5	0.6667	1.0	1.0	0.6667	1.0	0.0
522	1	0.0	0.0038	0.3333	0.6667	1.0	0.0	0.0	0.3333	0.5	0.7778	0.25	0.5	0.0	1.0	1.0	1.0	1.0	0.6667	1.0	0.0
523	1	0.2857	0.3151	1.0	0.0	0.0789	0.0	0.0	0.0	0.5	0.7778	0.25	0.75	0.0	1.0	1.0	1.0	1.0	0.6667	1.0	0.0
524	1	0.0238	0.1819	0.0	0.0	0.6053	0.0	0.0	0.3333	0.5	0.7778	0.25	0.0	0.0	1.0	1.0	1.0	1.0	0.6667	1.0	0.0
525	1	0.2143	0.0898	1.0	0.3333	0.0	0.0	0.0	0.3333	0.5	0.4444	0.0	0.5	1.0	1.0	1.0	1.0	1.0	0.6667	1.0	0.0
526	1	0.0238	0.1916	0.6667	0.3333	0.3158	0.0	0.0	0.3333	0.5	0.7778	0.25	0.5	1.0	1.0	1.0	1.0	1.0	0.6667	1.0	0.0
527	1	0.0238	0.2098	0.3333	0.3333	0.3421	0.0	0.0	0.3333	0.5	0.7778	0.25	0.5	1.0	1.0	1.0	1.0	1.0	0.6667	1.0	0.0
528	0	0.7857	0.476	0.3333	0.3333	0.0789	1.0	0.0	0.3333	1.0	0.7778	0.25	0.75	1.0	1.0	1.0	1.0	1.0	0.6667	1.0	0.0
529	1	0.1429	0.1529	1.0	0.3333	0.1579	0.0	0.0	1.0	0.5	0.7778	0.0	0.5	0.0	0.0	1.0	1.0	1.0	0.6667	1.0	0.0
530	0	0.1429	0.314	0.6667	0.3333	0.1842	1.0	0.0	0.0	1.0	0.2222	0.25	0.5	0.0	0.0	1.0	1.0	1.0	0.6667	1.0	0.0
531	0	0.4286	0.1789	1.0	0.0	0.6053	0.0	0.0	0.0	0.5	0.2222	0.25	1.0	1.0	0.0	1.0	1.0	1.0	0.6667	1.0	0.0
532	0	0.2857	0.1293	1.0	0.3333	0.2105	1.0	0.0	1.0	1.0	0.0	0.0	0.5	0.0	0.5	1.0	1.0	1.0	0.6667	1.0	0.0
533	0	0.2857	0.2791	0.3333	0.3333	0.0526	0.0	0.0	0.0	0.5	0.7778	0.25	0.5	0.0	0.5	1.0	1.0	1.0	0.6667	1.0	0.0
534	0	1.0	0.591	0.3333	0.3333	0.0	0.0	0.0	0.3333	0.5	0.7778	0.25	0.5	0.0	0.5	1.0	1.0	1.0	0.6667	1.0	0.0
535	0	0.0476	0.0585	0.6667	1.0	0.0526	0.0	0.0	0.3333	0.5	0.6667	0.25	0.5	0.0	0.5	1.0	1.0	1.0	0.6667	1.0	0.0
536	1	0.2857	0.0349	1.0	0.6667	0.3684	1.0	0.0	1.0	1.0	0.2222	0.25	0.5	0.0	0.5	1.0	1.0	1.0	0.6667	1.0	0.0
537	1	0.1429	0.2497	0.3333	0.0	0.1316	0.0	0.0	0.3333	0.5	0.7778	0.25	0.75	0.0	0.5	1.0	1.0	1.0	0.6667	1.0	0.0
538	0	0.2857	0.123	1.0	0.0	0.0	0.0	0.0	1.0	0.75	0.6667	0.25	0.75	0.0	0.5	1.0	1.0	1.0	0.6667	1.0	0.0
539	0	0.2857	0.1383	1.0	1.0	0.0263	0.0	0.0	1.0	0.5	0.4444	0.25	0.0	0.0	0.5	1.0	1.0	1.0	0.6667	1.0	0.0
540	1	0.119	0.0969	1.0	0.0	0.0	0.0	0.0	0.3333	0.5	0.6667	1.0	0.0	0.0	0.5	1.0	1.0	1.0	0.6667	1.0	0.0
541	1	0.1667	0.0779	0.3333	1.0	1.0	0.0	0.0	1.0	0.5	0.7778	0.0	0.25	0.0	0.5	1.0	1.0	1.0	0.6667	1.0	0.0
542	1	0.0	0.0699	0.0	1.0	1.0	0.0	0.0	1.0	0.5	0.4444	0.75	0.5	0.3333	0.5	1.0	1.0	1.0	0.6667	1.0	0.0
543	1	0.0714	0.046	0.3333	1.0	0.7105	0.0	0.0	0.6667	0.5	0.7778	0.0	1.0	0.3333	0.5	1.0	1.0	1.0	0.6667	1.0	0.0
544	1	0.1429	0.0064	1.0	0.3333	0.1579	0.0	0.0	1.0	0.5	0.7778	0.25	0.5	0.6667	0.5	1.0	1.0	1.0	0.6667	1.0	0.0
545	1	0.1429	0.1086	0.6667	0.0	0.3421	0.0	0.0	0.0	0.5	0.7778	0.75	1.0	0.6667	0.5	1.0	1.0	1.0	0.6667	1.0	0.0
546	1	0.2857	0.1808	0.3333	0.6667	0.3158	1.0	0.0	1.0	0.75	0.7778	0.25	0.25	0.6667	0.5	1.0	1.0	1.0	0.6667	1.0	0.0
547	1	0.0714	0.266	0.0	0.3333	0.2895	1.0	1.0	1.0	1.0	0.7778	0.5	0.5	1.0	0.5	1.0	1.0	1.0	0.6667	1.0	0.0
548	1	0.0714	0.0	1.0	0.6667	0.0526	0.0	0.0	0.3333	0.5	0.7778	0.25	0.5	1.0	0.5	1.0	1.0	1.0	0.6667	1.0	0.0
549	1	0.1429	0.106	0.3333	0.3333	0.1316	0.0	0.0	0.0	0.5	0.6667	0.25	0.5	1.0	0.5	1.0	1.0	1.0	0.6667	1.0	0.0
550	1	0.0714	0.057	0.6667	0.0	0.2105	1.0	0.0	1.0	1.0	0.2222	0.25	0.5	1.0	0.5	1.0	1.0	1.0	0.6667	1.0	0.0
551	1	0.2857	0.0486	1.0	0.6667	0.6316	1.0	0.0	1.0	1.0	0.7778	1.0	0.5	1.0	0.5	1.0	1.0	1.0	0.6667	1.0	0.0
552	1	0.4286	0.5744	1.0	0.3333	0.1316	1.0	0.0	1.0	1.0	0.8889	1.0	0.5	1.0	0.5	1.0	1.0	1.0	0.6667	1.0	0.0
553	1	0.0714	0.0729	0.6667	1.0	0.9737	0.0	0.0	0.0	0.5	0.7778	0.25	0.75	1.0	0.5	1.0	1.0	1.0	0.6667	1.0	0.0
554	0	1.0	0.2644	1.0	1.0	0.1579	1.0	0.0	0.3333	0.5	0.7778	0.25	0.75	1.0	0.5	1.0	1.0	1.0	0.6667	1.0	0.0
555	0	0.1429	0.0045	1.0	0.3333	0.1053	0.0	0.0	0.0	0.5	0.2222	0.25	0.75	1.0	0.5	1.0	1.0	1.0	0.6667	1.0	0.0
556	0	0.1429	0.0439	1.0	0.6667	0.1579	1.0	0.0	0.0	0.0	0.4444	0.25	0.75	1.0	0.5	1.0	1.0	1.0	0.6667	1.0	0.0
557	1	0.2143	0.1132	0.3333	0.6667	0.3684	0.0	0.0	0.0	0.5	0.2222	0.25	0.0	1.0	0.5	1.0	1.0	1.0	0.6667	1.0	0.0
558	1	0.1429	0.0238	1.0	1.0	1.0	1.0	0.0	1.0	1.0	0.7778	0.5	1.0	1.0	0.5	1.0	1.0	1.0	0.6667	1.0	0.0
559	1	0.1429	0.0	1.0	1.0	0.7895	1.0	0.0	1.0	1.0	0.7778	0.25	1.0	1.0	0.5	1.0	1.0	1.0	0.6667	1.0	0.0
560	1	0.7143	0.1828	1.0	1.0	0.3684	0.0	0.0	0.3333	1.0	0.7778	0.25	1.0	1.0	0.5	1.0	1.0	1.0	0.6667	1.0	0.0
561	1	0.3571	0.0	1.0	1.0	1.0	1.0	0.0	0.0	1.0	0.2222	0.25	1.0	1.0	0.5	1.0	1.0	1.0	0.6667	1.0	0.0
562	1	0.1429	0.1606	0.6667	0.0	0.3421	0.0	0.0	1.0	0.5	0.7778	0.0	0.75	1.0	0.5	0.0	1.0	1.0	0.6667	1.0	0.0
563	0	0.0714	0.0811	0.3333	0.6667	0.1842	0.0	0.0	0.3333	0.25	0.2222	0.0	0.75	1.0	0.5	0.0	1.0	1.0	0.6667	1.0	0.0
564	0	0.2857	0.0916	0.6667	0.3333	0.2632	1.0	0.0	1.0	1.0	0.2222	0.25	0.5	1.0	0.5	0.3333	0.5	1.0	0.6667	1.0	0.0
565	0	0.2857	0.2322	0.3333	0.3333	0.2368	1.0	0.0	1.0	1.0	0.2222	0.25	0.75	1.0	0.5	0.3333	0.5	1.0	0.6667	1.0	0.0
566	1	0.4286	0.1699	1.0	1.0	0.7895	1.0	0.0	1.0	1.0	0.7778	0.0	1.0	1.0	0.5	0.3333	0.5	1.0	0.6667	1.0	0.0
567	0	0.7143	0.2251	0.3333	0.3333	0.5	0.0	1.0	0.0	0.5	0.6667	0.25	1.0	1.0	0.5	0.3333	0.5	1.0	0.6667	1.0	0.0
568	1	0.1429	0.088	1.0	0.0	0.0263	0.0	0.0	0.0	0.5	0.7778	0.25	0.5	0.0	0.5	0.6667	0.5	1.0	0.6667	1.0	0.0
569	1	0.1429	0.164	0.3333	0.3333	0.1842	0.0	0.0	1.0	0.5	0.7778	0.25	0.0	0.0	0.5	0.6667	0.5	1.0	0.6667	1.0	0.0
570	0	0.4286	0.0221	1.0	0.3333	0.1842	0.0	0.0	0.0	0.5	0.2222	0.5	1.0	0.0	0.5	0.6667	0.5	1.0	0.6667	1.0	0.0
571	1	0.0	0.0825	0.0	0.3333	0.2368	1.0	1.0	0.3333	0.75	0.1111	0.0	1.0	0.3333	0.5	0.6667	0.5	1.0	0.6667	1.0	0.0
572	0	0.2857	0.0942	1.0	0.6667	0.5789	0.0	0.0	0.0	0.25	0.6667	0.25	0.5	1.0	0.5	0.6667	0.5	1.0	0.6667	1.0	0.0
573	0	0.1429	0.041	1.0	1.0	0.6842	1.0	0.0	0.0	0.0	0.2222	0.25	0.5	1.0	0.5	0.6667	0.5	1.0	0.6667	1.0	0.0
574	1	0.4286	0.0941	0.6667	0.0	0.2632	0.0	1.0	1.0	0.5	0.7778	0.25	0.75	1.0	0.5	0.6667	0.5	1.0	0.6667	1.0	0.0
575	1	0.4286	0.5007	1.0	0.3333	0.0789	0.0	0.0	0.6667	0.5	0.7778	0.25	0.75	1.0	0.5	0.6667	0.5	1.0	0.6667	1.0	0.0
576	0	0.4286	0.32	0.6667	1.0	0.1316	0.0	0.0	0.0	0.25	0.6667	0.25	0.75	1.0	0.5	0.6667	0.5	1.0	0.6667	1.0	0.0
577	1	0.5714	0.8306	0.3333	0.6667	0.0789	1.0	0.0	0.0	0.0	0.1111	0.5	0.0	1.0	0.5	0.6667	0.5	1.0	0.6667	1.0	0.0
578	0	0.7143	0.229	1.0	1.0	0.2368	0.0	0.0	0.0	0.25	0.6667	0.25	1.0	1.0	0.5	0.6667	0.5	1.0	0.6667	1.0	0.0
579	0	0.2857	0.0381	0.6667	0.6667	0.2105	1.0	0.0	0.3333	1.0	0.2222	0.25	1.0	1.0	1.0	1.0	0.5	1.0	0.6667	1.0	0.0
580	0	1.0	0.3609	1.0	0.3333	0.4211	0.0	0.0	1.0	0.5	0.1111	0.5	0.5	0.3333	0.5	1.0	0.5	1.0	0.6667	1.0	0.0
581	1	0.2857	0.1319	1.0	1.0	0.1579	1.0	0.0	0.3333	1.0	0.1111	0.5	0.5	0.6667	0.5	1.0	0.5	1.0	0.6667	1.0	0.0
582	0	0.2857	0.0707	1.0	0.6667	0.1053	0.0	0.0	0.0	0.5	0.7778	0.25	0.5	0.6667	0.5	1.0	0.5	1.0	0.6667	1.0	0.0
583	1	0.2143	0.0857	1.0	0.6667	0.2895	1.0	0.0	1.0	0.75	0.7778	0.25	0.5	0.6667	0.5	1.0	0.5	1.0	0.6667	1.0	0.0
584	0	0.5714	0.1616	1.0	0.3333	0.0526	0.0	0.0	0.3333	0.5	0.2222	0.25	0.5	0.0	1.0	0.0	0.5	1.0	0.6667	1.0	0.0
585	0	0.4286	0.0561	1.0	1.0	0.4211	1.0	1.0	0.3333	1.0	0.7778	0.0	0.0	1.0	0.5	0.0	0.5	1.0	0.6667	1.0	0.0
586	0	0.2143	0.0896	0.6667	0.6667	1.0	1.0	0.0	0.3333	0.75	0.4444	1.0	0.5	0.6667	0.5	0.3333	0.0	1.0	0.6667	1.0	0.0
587	1	0.4286	0.5413	1.0	0.0	0.0789	0.0	0.0	1.0	0.5	0.6667	0.0	0.5	1.0	0.5	0.6667	0.0	1.0	0.6667	1.0	0.0
588	0	0.2857	0.3892	0.3333	0.3333	0.3684	1.0	1.0	1.0	0.0	0.1111	0.25	0.5	1.0	0.5	0.6667	0.0	1.0	0.6667	1.0	0.0
589	0	0.1429	0.0691	0.3333	0.0	0.0	0.0	0.0	0.3333	0.5	0.7778	0.25	0.0	1.0	0.5	0.6667	0.0	1.0	0.6667	1.0	0.0
590	0	0.2857	0.156	1.0	0.3333	0.3947	0.0	0.0	0.6667	0.5	0.7778	0.25	0.5	1.0	0.0	1.0	0.0	1.0	0.6667	1.0	0.0
591	0	0.4286	0.0345	1.0	1.0	0.6842	0.0	0.0	0.0	0.75	0.7778	0.25	0.0	0.6667	0.5	1.0	0.0	1.0	0.6667	1.0	0.0
592	0	0.2857	0.0532	0.3333	1.0	0.8684	1.0	1.0	0.0	1.0	0.4444	0.25	0.25	0.0	0.5	0.0	1.0	0.0	0.3333	1.0	0.0
593	1	0.1429	0.086	0.3333	1.0	1.0	1.0	0.0	0.6667	1.0	0.2222	0.75	0.25	1.0	0.5	0.0	0.5	0.0	0.3333	1.0	0.0
594	0	0.2143	0.1196	0.3333	0.0	0.1053	1.0	0.0	0.3333	0.0	0.2222	0.25	0.0	0.0	0.5	1.0	1.0	0.5	0.3333	1.0	0.0
595	1	0.1429	0.7628	0.0	0.3333	0.0526	0.0	0.0	0.3333	0.5	0.2222	0.5	0.25	0.0	0.5	1.0	1.0	0.5	0.3333	1.0	0.0
596	0	0.4286	0.0535	0.0	1.0	0.1842	1.0	0.0	0.0	0.25	0.2222	0.25	0.25	0.0	0.0	0.0	1.0	0.5	0.3333	1.0	0.0
597	1	0.4286	0.3433	0.0	1.0	0.0263	0.0	0.0	0.3333	0.5	0.7778	0.75	0.25	0.0	0.5	0.0	1.0	0.5	0.3333	1.0	0.0
598	0	0.2857	0.1981	1.0	0.0	0.0789	0.0	0.0	0.0	0.5	0.6667	0.25	0.25	1.0	0.5	0.6667	1.0	1.0	0.3333	1.0	0.0
599	0	0.1429	0.0	1.0	0.0	0.1053	0.0	0.0	0.6667	0.25	0.1111	0.25	0.0	0.0	0.5	1.0	1.0	1.0	0.3333	1.0	0.0
600	0	0.2857	0.0035	1.0	0.0	0.1316	0.0	0.0	0.0	0.5	0.0	0.25	0.25	0.0	0.5	1.0	1.0	1.0	0.3333	1.0	0.0
601	1	0.0714	0.0938	1.0	0.3333	0.3421	0.0	0.0	0.3333	0.5	0.2222	0.5	0.0	1.0	0.5	1.0	1.0	1.0	0.3333	1.0	0.0
